# time(ps)	msd(nm^2)	#D_bar=6.295713895233414e-10,D_std=9.490493363158506e-11
5.000000000000000000e+03 0.000000000000000000e+00
5.001000000000000000e+03 8.335088217359088239e-03
5.002000000000000000e+03 1.189179946151044769e-02
5.003000000000000000e+03 1.530870928151090854e-02
5.004000000000000000e+03 1.867099300083706684e-02
5.005000000000000000e+03 2.209453886549327464e-02
5.006000000000000000e+03 2.554041792259173146e-02
5.007000000000000000e+03 2.855466197656713820e-02
5.008000000000000000e+03 3.152219531347483922e-02
5.009000000000000000e+03 3.417224297401432603e-02
5.010000000000000000e+03 3.689212681551124612e-02
5.011000000000000000e+03 3.970422120947464384e-02
5.012000000000000000e+03 4.230397231146399567e-02
5.013000000000000000e+03 4.480305443515835567e-02
5.014000000000000000e+03 4.724119302526538083e-02
5.015000000000000000e+03 4.997133514346769473e-02
5.016000000000000000e+03 5.268406667513266667e-02
5.017000000000000000e+03 5.506549001324412967e-02
5.018000000000000000e+03 5.827911359649600581e-02
5.019000000000000000e+03 6.127473016823432178e-02
5.020000000000000000e+03 6.401131026982478933e-02
5.021000000000000000e+03 6.735689958358637153e-02
5.022000000000000000e+03 6.964103483913515469e-02
5.023000000000000000e+03 7.219427459607456743e-02
5.024000000000000000e+03 7.452569548892813700e-02
5.025000000000000000e+03 7.719917973596804317e-02
5.026000000000000000e+03 8.010194678679272151e-02
5.027000000000000000e+03 8.254317828090880493e-02
5.028000000000000000e+03 8.549573748070170287e-02
5.029000000000000000e+03 8.814962239112213160e-02
5.030000000000000000e+03 9.059381584001781340e-02
5.031000000000000000e+03 9.269027664348450379e-02
5.032000000000000000e+03 9.480266959643829372e-02
5.033000000000000000e+03 9.704945778600003459e-02
5.034000000000000000e+03 9.941335382804371290e-02
5.035000000000000000e+03 1.021547596698752919e-01
5.036000000000000000e+03 1.043785543937828103e-01
5.037000000000000000e+03 1.066793212606236274e-01
5.038000000000000000e+03 1.095254177751104202e-01
5.039000000000000000e+03 1.120318063983210127e-01
5.040000000000000000e+03 1.147368893611664803e-01
5.041000000000000000e+03 1.169491675164964772e-01
5.042000000000000000e+03 1.196788033563846304e-01
5.043000000000000000e+03 1.225348577098129971e-01
5.044000000000000000e+03 1.246137421148015706e-01
5.045000000000000000e+03 1.260493681613915340e-01
5.046000000000000000e+03 1.296470672833633653e-01
5.047000000000000000e+03 1.326161456783353509e-01
5.048000000000000000e+03 1.339873180020608456e-01
5.049000000000000000e+03 1.366765614688266739e-01
5.050000000000000000e+03 1.389739238910684682e-01
5.051000000000000000e+03 1.419532788929596390e-01
5.052000000000000000e+03 1.446881626361335715e-01
5.053000000000000000e+03 1.472075824708980740e-01
5.054000000000000000e+03 1.500790154232697626e-01
5.055000000000000000e+03 1.525620967799022065e-01
5.056000000000000000e+03 1.557277384212074067e-01
5.057000000000000000e+03 1.584294610423459815e-01
5.058000000000000000e+03 1.607996551461988999e-01
5.059000000000000000e+03 1.630921463496285140e-01
5.060000000000000000e+03 1.649627890397259988e-01
5.061000000000000000e+03 1.683517021323860108e-01
5.062000000000000000e+03 1.698726068914325482e-01
5.063000000000000000e+03 1.724904750297272804e-01
5.064000000000000000e+03 1.753832893141734628e-01
5.065000000000000000e+03 1.786640757341790564e-01
5.066000000000000000e+03 1.822109550302583869e-01
5.067000000000000000e+03 1.837705470345639969e-01
5.068000000000000000e+03 1.862636579440051232e-01
5.069000000000000000e+03 1.891729765792817541e-01
5.070000000000000000e+03 1.914850629395390413e-01
5.071000000000000000e+03 1.949515982261151581e-01
5.072000000000000000e+03 1.969179744489312212e-01
5.073000000000000000e+03 1.994058706986358287e-01
5.074000000000000000e+03 2.013992283144287188e-01
5.075000000000000000e+03 2.038378208745797726e-01
5.076000000000000000e+03 2.058281628394698359e-01
5.077000000000000000e+03 2.077680824239269974e-01
5.078000000000000000e+03 2.103385960354525464e-01
5.079000000000000000e+03 2.127181894444172272e-01
5.080000000000000000e+03 2.163389124187248547e-01
5.081000000000000000e+03 2.186527506393544373e-01
5.082000000000000000e+03 2.205265883786485803e-01
5.083000000000000000e+03 2.236278710606830200e-01
5.084000000000000000e+03 2.265413216840727051e-01
5.085000000000000000e+03 2.285212970831816681e-01
5.086000000000000000e+03 2.313122736992140327e-01
5.087000000000000000e+03 2.345547969889277551e-01
5.088000000000000000e+03 2.360993072163306561e-01
5.089000000000000000e+03 2.386412603013655376e-01
5.090000000000000000e+03 2.417687214667500750e-01
5.091000000000000000e+03 2.433520647370477630e-01
5.092000000000000000e+03 2.456125876742510650e-01
5.093000000000000000e+03 2.485840590041707709e-01
5.094000000000000000e+03 2.503171985510388997e-01
5.095000000000000000e+03 2.533044259597533321e-01
5.096000000000000000e+03 2.555859245051486650e-01
5.097000000000000000e+03 2.574268610324214612e-01
5.098000000000000000e+03 2.590575243198274258e-01
5.099000000000000000e+03 2.610219479710966239e-01
5.100000000000000000e+03 2.646547620852268690e-01
5.101000000000000000e+03 2.677834292382716419e-01
5.102000000000000000e+03 2.703598551695642338e-01
5.103000000000000000e+03 2.724802961211839070e-01
5.104000000000000000e+03 2.754701487314207831e-01
5.105000000000000000e+03 2.771372315281095955e-01
5.106000000000000000e+03 2.796831843250458527e-01
5.107000000000000000e+03 2.823465606420907936e-01
5.108000000000000000e+03 2.834863366319724798e-01
5.109000000000000000e+03 2.852784430928738124e-01
5.110000000000000000e+03 2.884755397544188638e-01
5.111000000000000000e+03 2.909791169602884975e-01
5.112000000000000000e+03 2.929786844970355131e-01
5.113000000000000000e+03 2.954344567650022957e-01
5.114000000000000000e+03 2.976508859325858736e-01
5.115000000000000000e+03 3.011094891427648079e-01
5.116000000000000000e+03 3.036808928633046301e-01
5.117000000000000000e+03 3.051873891896413338e-01
5.118000000000000000e+03 3.086084637441927070e-01
5.119000000000000000e+03 3.119833368101931348e-01
5.120000000000000000e+03 3.137664569294273398e-01
5.121000000000000000e+03 3.164737022325622151e-01
5.122000000000000000e+03 3.188271543623833471e-01
5.123000000000000000e+03 3.212161440735027962e-01
5.124000000000000000e+03 3.243789653697566333e-01
5.125000000000000000e+03 3.270354835166391361e-01
5.126000000000000000e+03 3.293174739951402197e-01
5.127000000000000000e+03 3.319968858445651594e-01
5.128000000000000000e+03 3.349555301964933229e-01
5.129000000000000000e+03 3.375714785522885286e-01
5.130000000000000000e+03 3.396418856574558998e-01
5.131000000000000000e+03 3.428698957031330319e-01
5.132000000000000000e+03 3.459704604673490835e-01
5.133000000000000000e+03 3.478268619326463917e-01
5.134000000000000000e+03 3.512797800414184102e-01
5.135000000000000000e+03 3.536075181885742769e-01
5.136000000000000000e+03 3.567481616873107164e-01
5.137000000000000000e+03 3.586255286643707518e-01
5.138000000000000000e+03 3.616880449529306651e-01
5.139000000000000000e+03 3.638848867551433552e-01
5.140000000000000000e+03 3.653193470050047353e-01
5.141000000000000000e+03 3.678663906708261044e-01
5.142000000000000000e+03 3.697226533832633222e-01
5.143000000000000000e+03 3.720221909043057162e-01
5.144000000000000000e+03 3.750738786586231832e-01
5.145000000000000000e+03 3.778298615370438984e-01
5.146000000000000000e+03 3.803691564042583351e-01
5.147000000000000000e+03 3.825649028899620330e-01
5.148000000000000000e+03 3.846276823861408123e-01
5.149000000000000000e+03 3.871310588321398849e-01
5.150000000000000000e+03 3.894672499632783613e-01
5.151000000000000000e+03 3.927055287594891086e-01
5.152000000000000000e+03 3.937649200295050833e-01
5.153000000000000000e+03 3.973619858683585804e-01
5.154000000000000000e+03 4.001476558854637489e-01
5.155000000000000000e+03 4.026369494680224759e-01
5.156000000000000000e+03 4.054116918370613276e-01
5.157000000000000000e+03 4.067741973987071269e-01
5.158000000000000000e+03 4.087722569639127834e-01
5.159000000000000000e+03 4.123221751391755174e-01
5.160000000000000000e+03 4.146043303745244324e-01
5.161000000000000000e+03 4.177327463180153244e-01
5.162000000000000000e+03 4.201980509789161045e-01
5.163000000000000000e+03 4.215274068135323460e-01
5.164000000000000000e+03 4.246520003332289739e-01
5.165000000000000000e+03 4.273454735221944301e-01
5.166000000000000000e+03 4.289482505363055309e-01
5.167000000000000000e+03 4.308529831874865490e-01
5.168000000000000000e+03 4.350242984191003970e-01
5.169000000000000000e+03 4.373073999268815570e-01
5.170000000000000000e+03 4.393984663720226780e-01
5.171000000000000000e+03 4.412685658027921676e-01
5.172000000000000000e+03 4.449869159909376481e-01
5.173000000000000000e+03 4.471193026093873146e-01
5.174000000000000000e+03 4.482377391625073648e-01
5.175000000000000000e+03 4.496932186851838598e-01
5.176000000000000000e+03 4.526199898428904800e-01
5.177000000000000000e+03 4.556483160826115264e-01
5.178000000000000000e+03 4.593643564284495273e-01
5.179000000000000000e+03 4.620715860188137625e-01
5.180000000000000000e+03 4.636922822798517640e-01
5.181000000000000000e+03 4.666134631971383673e-01
5.182000000000000000e+03 4.694676266776189877e-01
5.183000000000000000e+03 4.728046153755224856e-01
5.184000000000000000e+03 4.746051701455335503e-01
5.185000000000000000e+03 4.770731170193041604e-01
5.186000000000000000e+03 4.808167452256404406e-01
5.187000000000000000e+03 4.829809080022095524e-01
5.188000000000000000e+03 4.847675210640062793e-01
5.189000000000000000e+03 4.882718068192469230e-01
5.190000000000000000e+03 4.906718596523882980e-01
5.191000000000000000e+03 4.945747658188304752e-01
5.192000000000000000e+03 4.966263626915179974e-01
5.193000000000000000e+03 4.989931706769274444e-01
5.194000000000000000e+03 5.025472062475544455e-01
5.195000000000000000e+03 5.047906117761317146e-01
5.196000000000000000e+03 5.089362900631101416e-01
5.197000000000000000e+03 5.114621607696310246e-01
5.198000000000000000e+03 5.133117801613276132e-01
5.199000000000000000e+03 5.159226683879469810e-01
5.200000000000000000e+03 5.176406902685145583e-01
5.201000000000000000e+03 5.199645534969362659e-01
5.202000000000000000e+03 5.222239672877947436e-01
5.203000000000000000e+03 5.248668634034449054e-01
5.204000000000000000e+03 5.276195016691623829e-01
5.205000000000000000e+03 5.296870673274159946e-01
5.206000000000000000e+03 5.335803561091161384e-01
5.207000000000000000e+03 5.349912439556167021e-01
5.208000000000000000e+03 5.370764626526883800e-01
5.209000000000000000e+03 5.399543882585037258e-01
5.210000000000000000e+03 5.433343699554992190e-01
5.211000000000000000e+03 5.440209210568264231e-01
5.212000000000000000e+03 5.479660366615176637e-01
5.213000000000000000e+03 5.508160077538626354e-01
5.214000000000000000e+03 5.524773060106761280e-01
5.215000000000000000e+03 5.564396456695589466e-01
5.216000000000000000e+03 5.584318822894999146e-01
5.217000000000000000e+03 5.594316673564498910e-01
5.218000000000000000e+03 5.625784010798843271e-01
5.219000000000000000e+03 5.642620290676235717e-01
5.220000000000000000e+03 5.668965629372982873e-01
5.221000000000000000e+03 5.714957049859114013e-01
5.222000000000000000e+03 5.729858047432372370e-01
5.223000000000000000e+03 5.746082445375283454e-01
5.224000000000000000e+03 5.771452955301035193e-01
5.225000000000000000e+03 5.804529538731169058e-01
5.226000000000000000e+03 5.821291578361410535e-01
5.227000000000000000e+03 5.849607518685407959e-01
5.228000000000000000e+03 5.869526276141728838e-01
5.229000000000000000e+03 5.910248834972547938e-01
5.230000000000000000e+03 5.941065087557358959e-01
5.231000000000000000e+03 5.950616183234197498e-01
5.232000000000000000e+03 5.984996611775913467e-01
5.233000000000000000e+03 5.989479086887342651e-01
5.234000000000000000e+03 6.017534551667231835e-01
5.235000000000000000e+03 6.040554842008746261e-01
5.236000000000000000e+03 6.071997076467753329e-01
5.237000000000000000e+03 6.088505656760760942e-01
5.238000000000000000e+03 6.111138870773229481e-01
5.239000000000000000e+03 6.138191791271593312e-01
5.240000000000000000e+03 6.160364026986954178e-01
5.241000000000000000e+03 6.197794391438853356e-01
5.242000000000000000e+03 6.213717154168355572e-01
5.243000000000000000e+03 6.230722874857503868e-01
5.244000000000000000e+03 6.275633511849738611e-01
5.245000000000000000e+03 6.291510015401443612e-01
5.246000000000000000e+03 6.320067024698448055e-01
5.247000000000000000e+03 6.349659993887465381e-01
5.248000000000000000e+03 6.369587743334261809e-01
5.249000000000000000e+03 6.392052364505200757e-01
5.250000000000000000e+03 6.425275674702551898e-01
5.251000000000000000e+03 6.452090410365516338e-01
5.252000000000000000e+03 6.487622894103231008e-01
5.253000000000000000e+03 6.502992523781353507e-01
5.254000000000000000e+03 6.535309817406601551e-01
5.255000000000000000e+03 6.563734110923639120e-01
5.256000000000000000e+03 6.583059189885790419e-01
5.257000000000000000e+03 6.619958474355582823e-01
5.258000000000000000e+03 6.640856821812317623e-01
5.259000000000000000e+03 6.679276055889712405e-01
5.260000000000000000e+03 6.710444718664246855e-01
5.261000000000000000e+03 6.721814062470702344e-01
5.262000000000000000e+03 6.749277194081311215e-01
5.263000000000000000e+03 6.763476441109101955e-01
5.264000000000000000e+03 6.796439723771120489e-01
5.265000000000000000e+03 6.808223185456138138e-01
5.266000000000000000e+03 6.832746383541294932e-01
5.267000000000000000e+03 6.867167379601584187e-01
5.268000000000000000e+03 6.875891055027122389e-01
5.269000000000000000e+03 6.904909889292870639e-01
5.270000000000000000e+03 6.932777270252667989e-01
5.271000000000000000e+03 6.960509684350756343e-01
5.272000000000000000e+03 6.981333005921777080e-01
5.273000000000000000e+03 7.002256845077395875e-01
5.274000000000000000e+03 7.035685689361009798e-01
5.275000000000000000e+03 7.048667446590455299e-01
5.276000000000000000e+03 7.071438658341344663e-01
5.277000000000000000e+03 7.097322333742072109e-01
5.278000000000000000e+03 7.126264351385612761e-01
5.279000000000000000e+03 7.157504105360158464e-01
5.280000000000000000e+03 7.186459123698715201e-01
5.281000000000000000e+03 7.223025487009476775e-01
5.282000000000000000e+03 7.232572746043114398e-01
5.283000000000000000e+03 7.251929636874226981e-01
5.284000000000000000e+03 7.280866517999848853e-01
5.285000000000000000e+03 7.310637034362171827e-01
5.286000000000000000e+03 7.325357105217729092e-01
5.287000000000000000e+03 7.346495093862993597e-01
5.288000000000000000e+03 7.373196115161336772e-01
5.289000000000000000e+03 7.390156663580916829e-01
5.290000000000000000e+03 7.424553392499615434e-01
5.291000000000000000e+03 7.448389704191087368e-01
5.292000000000000000e+03 7.467716525842420516e-01
5.293000000000000000e+03 7.500589473055336853e-01
5.294000000000000000e+03 7.535674622635440967e-01
5.295000000000000000e+03 7.563105593060098775e-01
5.296000000000000000e+03 7.580558213533140632e-01
5.297000000000000000e+03 7.605116353055753065e-01
5.298000000000000000e+03 7.644096445413975927e-01
5.299000000000000000e+03 7.654585437057845887e-01
5.300000000000000000e+03 7.667876319687874087e-01
5.301000000000000000e+03 7.671789754190214694e-01
5.302000000000000000e+03 7.703589054234405431e-01
5.303000000000000000e+03 7.753199990798188557e-01
5.304000000000000000e+03 7.793378283255502081e-01
5.305000000000000000e+03 7.809903459351565935e-01
5.306000000000000000e+03 7.831247887839937194e-01
5.307000000000000000e+03 7.852443154081542032e-01
5.308000000000000000e+03 7.886675604028640096e-01
5.309000000000000000e+03 7.907679119920417721e-01
5.310000000000000000e+03 7.932670972186232072e-01
5.311000000000000000e+03 7.950448961299491080e-01
5.312000000000000000e+03 7.983933622281275122e-01
5.313000000000000000e+03 8.004103318538539069e-01
5.314000000000000000e+03 8.026116008592324436e-01
5.315000000000000000e+03 8.064077010861150363e-01
5.316000000000000000e+03 8.086181641404143194e-01
5.317000000000000000e+03 8.123904775690151681e-01
5.318000000000000000e+03 8.153567092091426050e-01
5.319000000000000000e+03 8.167483767652828908e-01
5.320000000000000000e+03 8.201611174477473343e-01
5.321000000000000000e+03 8.230393060152305651e-01
5.322000000000000000e+03 8.278017490777579424e-01
5.323000000000000000e+03 8.301053897747547872e-01
5.324000000000000000e+03 8.327645525693370132e-01
5.325000000000000000e+03 8.346007702657077809e-01
5.326000000000000000e+03 8.372312953009841685e-01
5.327000000000000000e+03 8.383768233338733111e-01
5.328000000000000000e+03 8.399942925033486718e-01
5.329000000000000000e+03 8.440644756641262347e-01
5.330000000000000000e+03 8.459145815024444737e-01
5.331000000000000000e+03 8.487574477600891010e-01
5.332000000000000000e+03 8.525397894429227463e-01
5.333000000000000000e+03 8.538854918189034970e-01
5.334000000000000000e+03 8.564264923658772011e-01
5.335000000000000000e+03 8.589383716936471735e-01
5.336000000000000000e+03 8.610040324705620085e-01
5.337000000000000000e+03 8.634924848354977867e-01
5.338000000000000000e+03 8.672358863753699687e-01
5.339000000000000000e+03 8.687576660663217654e-01
5.340000000000000000e+03 8.706017293701501236e-01
5.341000000000000000e+03 8.746756978803734706e-01
5.342000000000000000e+03 8.766488021235581130e-01
5.343000000000000000e+03 8.778824567275372859e-01
5.344000000000000000e+03 8.798901040050198796e-01
5.345000000000000000e+03 8.820722912131825355e-01
5.346000000000000000e+03 8.863231286503907569e-01
5.347000000000000000e+03 8.887283864364127206e-01
5.348000000000000000e+03 8.906151274450464506e-01
5.349000000000000000e+03 8.916218683350841667e-01
5.350000000000000000e+03 8.952680435315714114e-01
5.351000000000000000e+03 8.983100568287253340e-01
5.352000000000000000e+03 9.003951009322360699e-01
5.353000000000000000e+03 9.018209335071590838e-01
5.354000000000000000e+03 9.046796234344861576e-01
5.355000000000000000e+03 9.091120988195499075e-01
5.356000000000000000e+03 9.109851286821634142e-01
5.357000000000000000e+03 9.123932063449705643e-01
5.358000000000000000e+03 9.162644002432394075e-01
5.359000000000000000e+03 9.169078000490441527e-01
5.360000000000000000e+03 9.190228700897535852e-01
5.361000000000000000e+03 9.219301658518176401e-01
5.362000000000000000e+03 9.232146065998697582e-01
5.363000000000000000e+03 9.247215127893007036e-01
5.364000000000000000e+03 9.265841131376543194e-01
5.365000000000000000e+03 9.295369213962345611e-01
5.366000000000000000e+03 9.333574769283954353e-01
5.367000000000000000e+03 9.361486512851092678e-01
5.368000000000000000e+03 9.366828096718055052e-01
5.369000000000000000e+03 9.379774720320771531e-01
5.370000000000000000e+03 9.432587152213058879e-01
5.371000000000000000e+03 9.449646156078329584e-01
5.372000000000000000e+03 9.480824574406113703e-01
5.373000000000000000e+03 9.510086226826918177e-01
5.374000000000000000e+03 9.523483774500992594e-01
5.375000000000000000e+03 9.551079753697049313e-01
5.376000000000000000e+03 9.585668406974773292e-01
5.377000000000000000e+03 9.613517546186267637e-01
5.378000000000000000e+03 9.645435812686264931e-01
5.379000000000000000e+03 9.666286629009874787e-01
5.380000000000000000e+03 9.688531403188359592e-01
5.381000000000000000e+03 9.722434577079637208e-01
5.382000000000000000e+03 9.746459647201507481e-01
5.383000000000000000e+03 9.779799467597912743e-01
5.384000000000000000e+03 9.793794152523697116e-01
5.385000000000000000e+03 9.834827037938018712e-01
5.386000000000000000e+03 9.864256797532894305e-01
5.387000000000000000e+03 9.881137599093204882e-01
5.388000000000000000e+03 9.894973695408023628e-01
5.389000000000000000e+03 9.913296699523931332e-01
5.390000000000000000e+03 9.940750226216121810e-01
5.391000000000000000e+03 9.958200640408305659e-01
5.392000000000000000e+03 9.983151684918954993e-01
5.393000000000000000e+03 1.001278095385607747e+00
5.394000000000000000e+03 1.002691639924101041e+00
5.395000000000000000e+03 1.006012376227409577e+00
5.396000000000000000e+03 1.009084441822858835e+00
5.397000000000000000e+03 1.010705164574849713e+00
5.398000000000000000e+03 1.013094909050885617e+00
5.399000000000000000e+03 1.015326110885553357e+00
5.400000000000000000e+03 1.018071555234249415e+00
5.401000000000000000e+03 1.019449393214224342e+00
5.402000000000000000e+03 1.022979282216049501e+00
5.403000000000000000e+03 1.023791801955445058e+00
5.404000000000000000e+03 1.028622464936283398e+00
5.405000000000000000e+03 1.031318274198794294e+00
5.406000000000000000e+03 1.034662174633125042e+00
5.407000000000000000e+03 1.037481961946341569e+00
5.408000000000000000e+03 1.037921063001380206e+00
5.409000000000000000e+03 1.039862600416919136e+00
5.410000000000000000e+03 1.043555480592390783e+00
5.411000000000000000e+03 1.045548854959816198e+00
5.412000000000000000e+03 1.048405080968777492e+00
5.413000000000000000e+03 1.051112251993357782e+00
5.414000000000000000e+03 1.051991830464282129e+00
5.415000000000000000e+03 1.055436652989688584e+00
5.416000000000000000e+03 1.058284210483493082e+00
5.417000000000000000e+03 1.059653485652408245e+00
5.418000000000000000e+03 1.060777053983641638e+00
5.419000000000000000e+03 1.065331085055482463e+00
5.420000000000000000e+03 1.068002751450133125e+00
5.421000000000000000e+03 1.071692349344557149e+00
5.422000000000000000e+03 1.073364605441331721e+00
5.423000000000000000e+03 1.075774404477968904e+00
5.424000000000000000e+03 1.079391470142438525e+00
5.425000000000000000e+03 1.079176023375234772e+00
5.426000000000000000e+03 1.081312438371654583e+00
5.427000000000000000e+03 1.082150235544882433e+00
5.428000000000000000e+03 1.086038782835526240e+00
5.429000000000000000e+03 1.090372062456633762e+00
5.430000000000000000e+03 1.095655663470557206e+00
5.431000000000000000e+03 1.097890098110523072e+00
5.432000000000000000e+03 1.099422112269599072e+00
5.433000000000000000e+03 1.102086279257189938e+00
5.434000000000000000e+03 1.105898458194109368e+00
5.435000000000000000e+03 1.108366939107317206e+00
5.436000000000000000e+03 1.109946866440617352e+00
5.437000000000000000e+03 1.113502677749185210e+00
5.438000000000000000e+03 1.116379172843525946e+00
5.439000000000000000e+03 1.118718883440645184e+00
5.440000000000000000e+03 1.120682234987454784e+00
5.441000000000000000e+03 1.123369127447049864e+00
5.442000000000000000e+03 1.127493205153604405e+00
5.443000000000000000e+03 1.130241591556399916e+00
5.444000000000000000e+03 1.132377862281009895e+00
5.445000000000000000e+03 1.134782807499754353e+00
5.446000000000000000e+03 1.138352609927358206e+00
5.447000000000000000e+03 1.142542838790578275e+00
5.448000000000000000e+03 1.147400696033485712e+00
5.449000000000000000e+03 1.148997519400644096e+00
5.450000000000000000e+03 1.153257061842999587e+00
5.451000000000000000e+03 1.154072568047799008e+00
5.452000000000000000e+03 1.156333640639818361e+00
5.453000000000000000e+03 1.157951836752216801e+00
5.454000000000000000e+03 1.161039081793724392e+00
5.455000000000000000e+03 1.164143324158031012e+00
5.456000000000000000e+03 1.165309146728391143e+00
5.457000000000000000e+03 1.169322683920267503e+00
5.458000000000000000e+03 1.170837926708794940e+00
5.459000000000000000e+03 1.173251718477485772e+00
5.460000000000000000e+03 1.175530792970803429e+00
5.461000000000000000e+03 1.179831840893281081e+00
5.462000000000000000e+03 1.180391360991400740e+00
5.463000000000000000e+03 1.182980071615289841e+00
5.464000000000000000e+03 1.186652618815436044e+00
5.465000000000000000e+03 1.188448935552360419e+00
5.466000000000000000e+03 1.191241385760130944e+00
5.467000000000000000e+03 1.195041602213658072e+00
5.468000000000000000e+03 1.195787040626301367e+00
5.469000000000000000e+03 1.196771973098804454e+00
5.470000000000000000e+03 1.200361085743167022e+00
5.471000000000000000e+03 1.201911252438373046e+00
5.472000000000000000e+03 1.206623023761382418e+00
5.473000000000000000e+03 1.208146687166883337e+00
5.474000000000000000e+03 1.209618989808366685e+00
5.475000000000000000e+03 1.211264999343938831e+00
5.476000000000000000e+03 1.215112589023731315e+00
5.477000000000000000e+03 1.216489727980170965e+00
5.478000000000000000e+03 1.220668649881234247e+00
5.479000000000000000e+03 1.221614458332393793e+00
5.480000000000000000e+03 1.225718640034494600e+00
5.481000000000000000e+03 1.228587365617938465e+00
5.482000000000000000e+03 1.230216006178222576e+00
5.483000000000000000e+03 1.232848568809317591e+00
5.484000000000000000e+03 1.235783398540971190e+00
5.485000000000000000e+03 1.237407363707722974e+00
5.486000000000000000e+03 1.238255129400682053e+00
5.487000000000000000e+03 1.240813519180729907e+00
5.488000000000000000e+03 1.243198895895923028e+00
5.489000000000000000e+03 1.244226098969611005e+00
5.490000000000000000e+03 1.246984856840311462e+00
5.491000000000000000e+03 1.250880611747957616e+00
5.492000000000000000e+03 1.253651433001416349e+00
5.493000000000000000e+03 1.256272139502505825e+00
5.494000000000000000e+03 1.256627044516709812e+00
5.495000000000000000e+03 1.259611926177488295e+00
5.496000000000000000e+03 1.262932018776604215e+00
5.497000000000000000e+03 1.266027956356929662e+00
5.498000000000000000e+03 1.268927103943294332e+00
5.499000000000000000e+03 1.270539386210098654e+00
5.500000000000000000e+03 1.271271168536350915e+00
5.501000000000000000e+03 1.275091945345884215e+00
5.502000000000000000e+03 1.279202676157025875e+00
5.503000000000000000e+03 1.282504976055461432e+00
5.504000000000000000e+03 1.284661768308652086e+00
5.505000000000000000e+03 1.287573919187183780e+00
5.506000000000000000e+03 1.290338693750709309e+00
5.507000000000000000e+03 1.293069732734580590e+00
5.508000000000000000e+03 1.295744398450539459e+00
5.509000000000000000e+03 1.299348642233929541e+00
5.510000000000000000e+03 1.300994566972479172e+00
5.511000000000000000e+03 1.304883750695288613e+00
5.512000000000000000e+03 1.307039051403926511e+00
5.513000000000000000e+03 1.309222329935477047e+00
5.514000000000000000e+03 1.310185931866465037e+00
5.515000000000000000e+03 1.314141332324034517e+00
5.516000000000000000e+03 1.314257143369687686e+00
5.517000000000000000e+03 1.316900613261204445e+00
5.518000000000000000e+03 1.319516548533844480e+00
5.519000000000000000e+03 1.322166807121700760e+00
5.520000000000000000e+03 1.323314179002849311e+00
5.521000000000000000e+03 1.326687362199255871e+00
5.522000000000000000e+03 1.329284409162525993e+00
5.523000000000000000e+03 1.330514652796559671e+00
5.524000000000000000e+03 1.333192528592735515e+00
5.525000000000000000e+03 1.336129068549161802e+00
5.526000000000000000e+03 1.337134166091096477e+00
5.527000000000000000e+03 1.338798382053707714e+00
5.528000000000000000e+03 1.342441087195037186e+00
5.529000000000000000e+03 1.343684245558346424e+00
5.530000000000000000e+03 1.349057695055319028e+00
5.531000000000000000e+03 1.350961430400025476e+00
5.532000000000000000e+03 1.354486629464267677e+00
5.533000000000000000e+03 1.355620090218670803e+00
5.534000000000000000e+03 1.357618027263217675e+00
5.535000000000000000e+03 1.359633627280689927e+00
5.536000000000000000e+03 1.362625417496384772e+00
5.537000000000000000e+03 1.364029870573471692e+00
5.538000000000000000e+03 1.366284864920156883e+00
5.539000000000000000e+03 1.369669977875837441e+00
5.540000000000000000e+03 1.370980848154471188e+00
5.541000000000000000e+03 1.373738118506205419e+00
5.542000000000000000e+03 1.376637413351104344e+00
5.543000000000000000e+03 1.377903543786025864e+00
5.544000000000000000e+03 1.379598541197433859e+00
5.545000000000000000e+03 1.383820964620004368e+00
5.546000000000000000e+03 1.386489206669377028e+00
5.547000000000000000e+03 1.388648991231565377e+00
5.548000000000000000e+03 1.390441079025435345e+00
5.549000000000000000e+03 1.394321140380726298e+00
5.550000000000000000e+03 1.396180904508935505e+00
5.551000000000000000e+03 1.397119443660727489e+00
5.552000000000000000e+03 1.396953409793330492e+00
5.553000000000000000e+03 1.400577540750857608e+00
5.554000000000000000e+03 1.403334503080330364e+00
5.555000000000000000e+03 1.408942136110044041e+00
5.556000000000000000e+03 1.411800809935028544e+00
5.557000000000000000e+03 1.414717156123491471e+00
5.558000000000000000e+03 1.415561348005056841e+00
5.559000000000000000e+03 1.420099701497030464e+00
5.560000000000000000e+03 1.422221567116531915e+00
5.561000000000000000e+03 1.425080114460199665e+00
5.562000000000000000e+03 1.427702997504755489e+00
5.563000000000000000e+03 1.431075221832541322e+00
5.564000000000000000e+03 1.432945406255119236e+00
5.565000000000000000e+03 1.433781613192007143e+00
5.566000000000000000e+03 1.438159005054981732e+00
5.567000000000000000e+03 1.440289752935272283e+00
5.568000000000000000e+03 1.444615563276286707e+00
5.569000000000000000e+03 1.446251457033593590e+00
5.570000000000000000e+03 1.447951264890450451e+00
5.571000000000000000e+03 1.452568166136481986e+00
5.572000000000000000e+03 1.455612753990688679e+00
5.573000000000000000e+03 1.460121889519536031e+00
5.574000000000000000e+03 1.465609397763520505e+00
5.575000000000000000e+03 1.466414020471843438e+00
5.576000000000000000e+03 1.469301509701349095e+00
5.577000000000000000e+03 1.470545419161097156e+00
5.578000000000000000e+03 1.472469281007522390e+00
5.579000000000000000e+03 1.474547020230678518e+00
5.580000000000000000e+03 1.477844078556386442e+00
5.581000000000000000e+03 1.480255826106518624e+00
5.582000000000000000e+03 1.481077176293515762e+00
5.583000000000000000e+03 1.484536546507692067e+00
5.584000000000000000e+03 1.485539838639219790e+00
5.585000000000000000e+03 1.489121719902636753e+00
5.586000000000000000e+03 1.491594144721436477e+00
5.587000000000000000e+03 1.495199524239517963e+00
5.588000000000000000e+03 1.495597823253124625e+00
5.589000000000000000e+03 1.499246978551993736e+00
5.590000000000000000e+03 1.502175900671217201e+00
5.591000000000000000e+03 1.503433202866115481e+00
5.592000000000000000e+03 1.507783136076917829e+00
5.593000000000000000e+03 1.509539489652595767e+00
5.594000000000000000e+03 1.510020438882000215e+00
5.595000000000000000e+03 1.511281684333203756e+00
5.596000000000000000e+03 1.514701220984033148e+00
5.597000000000000000e+03 1.517577494151712392e+00
5.598000000000000000e+03 1.521297238491198689e+00
5.599000000000000000e+03 1.522654026681820483e+00
5.600000000000000000e+03 1.525081775806568452e+00
5.601000000000000000e+03 1.528151740175966111e+00
5.602000000000000000e+03 1.531010396600030354e+00
5.603000000000000000e+03 1.532881953877301084e+00
5.604000000000000000e+03 1.535713956766398658e+00
5.605000000000000000e+03 1.537795679242003111e+00
5.606000000000000000e+03 1.541910181377968092e+00
5.607000000000000000e+03 1.545104937356021724e+00
5.608000000000000000e+03 1.544629524476127891e+00
5.609000000000000000e+03 1.549782444189316655e+00
5.610000000000000000e+03 1.551013299063140893e+00
5.611000000000000000e+03 1.553723213719386598e+00
5.612000000000000000e+03 1.554432013715275174e+00
5.613000000000000000e+03 1.556261680744312814e+00
5.614000000000000000e+03 1.558189596226012830e+00
5.615000000000000000e+03 1.559952547347623009e+00
5.616000000000000000e+03 1.563070801088751738e+00
5.617000000000000000e+03 1.566328377765249025e+00
5.618000000000000000e+03 1.570592919466022641e+00
5.619000000000000000e+03 1.571210792641235310e+00
5.620000000000000000e+03 1.573171333290133589e+00
5.621000000000000000e+03 1.577919625508758195e+00
5.622000000000000000e+03 1.579681924745147237e+00
5.623000000000000000e+03 1.583630956076327534e+00
5.624000000000000000e+03 1.585644919108720963e+00
5.625000000000000000e+03 1.586722083341062017e+00
5.626000000000000000e+03 1.588271936559988218e+00
5.627000000000000000e+03 1.592204520125794387e+00
5.628000000000000000e+03 1.595540212649924960e+00
5.629000000000000000e+03 1.598537597521197284e+00
5.630000000000000000e+03 1.601334239922318714e+00
5.631000000000000000e+03 1.602920614036859481e+00
5.632000000000000000e+03 1.606775362507189664e+00
5.633000000000000000e+03 1.608850341736620893e+00
5.634000000000000000e+03 1.612910236668222419e+00
5.635000000000000000e+03 1.614212257150470897e+00
5.636000000000000000e+03 1.618684388193948331e+00
5.637000000000000000e+03 1.622882813669756175e+00
5.638000000000000000e+03 1.623582299758146386e+00
5.639000000000000000e+03 1.626266557666470769e+00
5.640000000000000000e+03 1.626881011171279257e+00
5.641000000000000000e+03 1.629649583550579317e+00
5.642000000000000000e+03 1.630188644841346068e+00
5.643000000000000000e+03 1.632532120530121977e+00
5.644000000000000000e+03 1.636742830536204840e+00
5.645000000000000000e+03 1.637225299099691833e+00
5.646000000000000000e+03 1.639541180824661604e+00
5.647000000000000000e+03 1.642859917580431928e+00
5.648000000000000000e+03 1.643776950753071953e+00
5.649000000000000000e+03 1.647043553832310714e+00
5.650000000000000000e+03 1.649020131636808939e+00
5.651000000000000000e+03 1.650867993795273714e+00
5.652000000000000000e+03 1.652843037981353680e+00
5.653000000000000000e+03 1.655506652684512359e+00
5.654000000000000000e+03 1.657718022144958780e+00
5.655000000000000000e+03 1.661006168862055432e+00
5.656000000000000000e+03 1.663831073214544931e+00
5.657000000000000000e+03 1.665936507430730407e+00
5.658000000000000000e+03 1.669494613063620347e+00
5.659000000000000000e+03 1.669429962671400647e+00
5.660000000000000000e+03 1.672433204121060113e+00
5.661000000000000000e+03 1.675430278632635828e+00
5.662000000000000000e+03 1.678163872565060499e+00
5.663000000000000000e+03 1.678268358598347332e+00
5.664000000000000000e+03 1.681060207435507214e+00
5.665000000000000000e+03 1.685006561622121479e+00
5.666000000000000000e+03 1.685755931474025360e+00
5.667000000000000000e+03 1.690192538928362964e+00
5.668000000000000000e+03 1.691870331764220969e+00
5.669000000000000000e+03 1.693646046850416420e+00
5.670000000000000000e+03 1.696383940628149789e+00
5.671000000000000000e+03 1.700093049369347797e+00
5.672000000000000000e+03 1.702615617407173376e+00
5.673000000000000000e+03 1.703399949343894493e+00
5.674000000000000000e+03 1.706818257541698358e+00
5.675000000000000000e+03 1.710303104521142759e+00
5.676000000000000000e+03 1.710604534689378342e+00
5.677000000000000000e+03 1.713058796064006239e+00
5.678000000000000000e+03 1.712745283423945830e+00
5.679000000000000000e+03 1.716162041900983981e+00
5.680000000000000000e+03 1.720748018854843409e+00
5.681000000000000000e+03 1.725644246165789264e+00
5.682000000000000000e+03 1.727525825853702512e+00
5.683000000000000000e+03 1.730249947452337844e+00
5.684000000000000000e+03 1.732958685338886085e+00
5.685000000000000000e+03 1.736480606407381222e+00
5.686000000000000000e+03 1.738416534363574684e+00
5.687000000000000000e+03 1.741316581603489011e+00
5.688000000000000000e+03 1.744716341978584717e+00
5.689000000000000000e+03 1.746860874244590134e+00
5.690000000000000000e+03 1.749187288720622790e+00
5.691000000000000000e+03 1.751292991222638706e+00
5.692000000000000000e+03 1.754677434632462285e+00
5.693000000000000000e+03 1.758495560658522194e+00
5.694000000000000000e+03 1.760743833834829353e+00
5.695000000000000000e+03 1.762035082108574846e+00
5.696000000000000000e+03 1.764879619893426010e+00
5.697000000000000000e+03 1.769048998818158580e+00
5.698000000000000000e+03 1.772840722194165108e+00
5.699000000000000000e+03 1.776877682453147811e+00
5.700000000000000000e+03 1.781204388292266572e+00
5.701000000000000000e+03 1.782828091276495996e+00
5.702000000000000000e+03 1.784616420211876608e+00
5.703000000000000000e+03 1.786115565331152455e+00
5.704000000000000000e+03 1.787072252344201750e+00
5.705000000000000000e+03 1.788870436173896961e+00
5.706000000000000000e+03 1.792319800079776870e+00
5.707000000000000000e+03 1.793870676316987156e+00
5.708000000000000000e+03 1.796679057326970641e+00
5.709000000000000000e+03 1.798271659152959279e+00
5.710000000000000000e+03 1.800666311987086488e+00
5.711000000000000000e+03 1.805159579434945316e+00
5.712000000000000000e+03 1.808333908031189985e+00
5.713000000000000000e+03 1.810691653773156107e+00
5.714000000000000000e+03 1.812590242471050495e+00
5.715000000000000000e+03 1.815668668102852656e+00
5.716000000000000000e+03 1.818467641188427963e+00
5.717000000000000000e+03 1.818415430116756992e+00
5.718000000000000000e+03 1.822943573683695639e+00
5.719000000000000000e+03 1.824435837388297399e+00
5.720000000000000000e+03 1.825433911061753678e+00
5.721000000000000000e+03 1.827979183924224538e+00
5.722000000000000000e+03 1.830729850496860989e+00
5.723000000000000000e+03 1.834754965404020055e+00
5.724000000000000000e+03 1.836917201158527524e+00
5.725000000000000000e+03 1.839928883353091571e+00
5.726000000000000000e+03 1.839287587760061404e+00
5.727000000000000000e+03 1.845207923897471014e+00
5.728000000000000000e+03 1.845888118858171056e+00
5.729000000000000000e+03 1.849067785900922134e+00
5.730000000000000000e+03 1.850183916247748028e+00
5.731000000000000000e+03 1.853374074746840572e+00
5.732000000000000000e+03 1.857585663109822205e+00
5.733000000000000000e+03 1.858806200796222052e+00
5.734000000000000000e+03 1.860817915993318472e+00
5.735000000000000000e+03 1.865785554603294649e+00
5.736000000000000000e+03 1.867268917347611579e+00
5.737000000000000000e+03 1.868524865127597190e+00
5.738000000000000000e+03 1.870843915897776766e+00
5.739000000000000000e+03 1.871458942334377040e+00
5.740000000000000000e+03 1.872419616235886819e+00
5.741000000000000000e+03 1.875913639993188164e+00
5.742000000000000000e+03 1.877760256297706931e+00
5.743000000000000000e+03 1.883672771890178232e+00
5.744000000000000000e+03 1.886189311418138281e+00
5.745000000000000000e+03 1.887675658550136637e+00
5.746000000000000000e+03 1.888572731568662677e+00
5.747000000000000000e+03 1.893172693148676311e+00
5.748000000000000000e+03 1.895099475492838970e+00
5.749000000000000000e+03 1.898487705550682358e+00
5.750000000000000000e+03 1.900595314622185006e+00
5.751000000000000000e+03 1.901394719911296605e+00
5.752000000000000000e+03 1.902984033223070304e+00
5.753000000000000000e+03 1.908491760816968252e+00
5.754000000000000000e+03 1.911448464933822144e+00
5.755000000000000000e+03 1.914201713854971842e+00
5.756000000000000000e+03 1.917235605337521243e+00
5.757000000000000000e+03 1.919574172148777125e+00
5.758000000000000000e+03 1.922602998664956653e+00
5.759000000000000000e+03 1.925115737260554960e+00
5.760000000000000000e+03 1.929603698986029015e+00
5.761000000000000000e+03 1.930947185082114048e+00
5.762000000000000000e+03 1.934980044437649260e+00
5.763000000000000000e+03 1.938874947998778575e+00
5.764000000000000000e+03 1.939887801806132295e+00
5.765000000000000000e+03 1.941733947506658176e+00
5.766000000000000000e+03 1.943365088994725598e+00
5.767000000000000000e+03 1.944771826137383641e+00
5.768000000000000000e+03 1.947228609346875361e+00
5.769000000000000000e+03 1.950538259445971256e+00
5.770000000000000000e+03 1.952740684054256493e+00
5.771000000000000000e+03 1.953187635261767641e+00
5.772000000000000000e+03 1.956149502777066118e+00
5.773000000000000000e+03 1.959314385011045045e+00
5.774000000000000000e+03 1.959525186251970696e+00
5.775000000000000000e+03 1.962833053146313178e+00
5.776000000000000000e+03 1.965263072182151127e+00
5.777000000000000000e+03 1.966516607727100796e+00
5.778000000000000000e+03 1.968091904987177898e+00
5.779000000000000000e+03 1.972641320270129617e+00
5.780000000000000000e+03 1.974064880986098780e+00
5.781000000000000000e+03 1.977960968588950763e+00
5.782000000000000000e+03 1.979561589122596388e+00
5.783000000000000000e+03 1.981979153514687786e+00
5.784000000000000000e+03 1.984862917648679392e+00
5.785000000000000000e+03 1.985652021592997807e+00
5.786000000000000000e+03 1.987181496776006862e+00
5.787000000000000000e+03 1.991179056416928494e+00
5.788000000000000000e+03 1.993665562735663199e+00
5.789000000000000000e+03 1.994657669451761928e+00
5.790000000000000000e+03 1.999020701919505649e+00
5.791000000000000000e+03 1.999790911581002861e+00
5.792000000000000000e+03 2.001893106109435383e+00
5.793000000000000000e+03 2.006028977614342068e+00
5.794000000000000000e+03 2.006755896123666005e+00
5.795000000000000000e+03 2.006734922560731160e+00
5.796000000000000000e+03 2.011183195384240729e+00
5.797000000000000000e+03 2.015940426481574566e+00
5.798000000000000000e+03 2.017831720817581331e+00
5.799000000000000000e+03 2.019398761211138815e+00
5.800000000000000000e+03 2.022488628597300053e+00
5.801000000000000000e+03 2.024824349189375816e+00
5.802000000000000000e+03 2.026112724752988203e+00
5.803000000000000000e+03 2.029503811938051072e+00
5.804000000000000000e+03 2.030739936693560121e+00
5.805000000000000000e+03 2.033391872782073229e+00
5.806000000000000000e+03 2.038422504021971005e+00
5.807000000000000000e+03 2.043341218256482961e+00
5.808000000000000000e+03 2.044673774237207198e+00
5.809000000000000000e+03 2.047850333267827061e+00
5.810000000000000000e+03 2.050700127429172070e+00
5.811000000000000000e+03 2.053798251422142673e+00
5.812000000000000000e+03 2.056835615297289088e+00
5.813000000000000000e+03 2.060005646125941947e+00
5.814000000000000000e+03 2.063560365072261593e+00
5.815000000000000000e+03 2.064884190465889446e+00
5.816000000000000000e+03 2.067486413943221191e+00
5.817000000000000000e+03 2.070104983637274909e+00
5.818000000000000000e+03 2.072124302517095895e+00
5.819000000000000000e+03 2.075936224985226008e+00
5.820000000000000000e+03 2.078289697113121282e+00
5.821000000000000000e+03 2.079576525033689727e+00
5.822000000000000000e+03 2.083531629805473351e+00
5.823000000000000000e+03 2.087594380306003305e+00
5.824000000000000000e+03 2.092682320567777143e+00
5.825000000000000000e+03 2.096885154969291953e+00
5.826000000000000000e+03 2.097784460499913628e+00
5.827000000000000000e+03 2.101973428705419700e+00
5.828000000000000000e+03 2.102562256108701622e+00
5.829000000000000000e+03 2.103941248912437167e+00
5.830000000000000000e+03 2.104741580086337382e+00
5.831000000000000000e+03 2.108135052236335127e+00
5.832000000000000000e+03 2.110025168244356930e+00
5.833000000000000000e+03 2.112468564432429918e+00
5.834000000000000000e+03 2.116084338533072096e+00
5.835000000000000000e+03 2.116422791366744161e+00
5.836000000000000000e+03 2.117930436705712349e+00
5.837000000000000000e+03 2.123908962039906534e+00
5.838000000000000000e+03 2.126193788576229426e+00
5.839000000000000000e+03 2.127265334129334828e+00
5.840000000000000000e+03 2.131798694596051202e+00
5.841000000000000000e+03 2.133037065888281791e+00
5.842000000000000000e+03 2.133794742212316464e+00
5.843000000000000000e+03 2.137268176265791464e+00
5.844000000000000000e+03 2.141002510367915335e+00
5.845000000000000000e+03 2.142302714142145348e+00
5.846000000000000000e+03 2.142407227964961525e+00
5.847000000000000000e+03 2.146344284865849605e+00
5.848000000000000000e+03 2.148613624323427729e+00
5.849000000000000000e+03 2.154007095137452144e+00
5.850000000000000000e+03 2.155455152193705093e+00
5.851000000000000000e+03 2.157504157043490967e+00
5.852000000000000000e+03 2.159237941885304490e+00
5.853000000000000000e+03 2.162718388249930790e+00
5.854000000000000000e+03 2.163155764016711391e+00
5.855000000000000000e+03 2.167199489337944929e+00
5.856000000000000000e+03 2.169231907734423981e+00
5.857000000000000000e+03 2.171089724517855313e+00
5.858000000000000000e+03 2.174756759911580239e+00
5.859000000000000000e+03 2.177165245957882966e+00
5.860000000000000000e+03 2.179082975927780108e+00
5.861000000000000000e+03 2.183627509083882590e+00
5.862000000000000000e+03 2.185688063469847897e+00
5.863000000000000000e+03 2.186014746528825103e+00
5.864000000000000000e+03 2.186819978529072284e+00
5.865000000000000000e+03 2.189067539566223353e+00
5.866000000000000000e+03 2.190529262578044811e+00
5.867000000000000000e+03 2.192669263852188077e+00
5.868000000000000000e+03 2.197180541512231411e+00
5.869000000000000000e+03 2.201950604100113562e+00
5.870000000000000000e+03 2.203858597865552493e+00
5.871000000000000000e+03 2.205047312645092017e+00
5.872000000000000000e+03 2.209280918106793834e+00
5.873000000000000000e+03 2.209916867981288835e+00
5.874000000000000000e+03 2.214269764283123276e+00
5.875000000000000000e+03 2.217904642776205026e+00
5.876000000000000000e+03 2.217733297212971078e+00
5.877000000000000000e+03 2.217338115041811886e+00
5.878000000000000000e+03 2.222467319638121719e+00
5.879000000000000000e+03 2.226000750766081726e+00
5.880000000000000000e+03 2.228654381496455894e+00
5.881000000000000000e+03 2.231489986376045120e+00
5.882000000000000000e+03 2.234278592668589525e+00
5.883000000000000000e+03 2.237409222879180870e+00
5.884000000000000000e+03 2.242011924714563786e+00
5.885000000000000000e+03 2.243671150508789847e+00
5.886000000000000000e+03 2.247117688712990002e+00
5.887000000000000000e+03 2.249974646599464556e+00
5.888000000000000000e+03 2.254766615907091154e+00
5.889000000000000000e+03 2.255671934884098118e+00
5.890000000000000000e+03 2.257752069980230925e+00
5.891000000000000000e+03 2.257928663089642907e+00
5.892000000000000000e+03 2.261184041536452138e+00
5.893000000000000000e+03 2.263050246602310356e+00
5.894000000000000000e+03 2.265478953297101583e+00
5.895000000000000000e+03 2.269922523716695562e+00
5.896000000000000000e+03 2.269936052802341120e+00
5.897000000000000000e+03 2.270881058343874326e+00
5.898000000000000000e+03 2.274285728635352832e+00
5.899000000000000000e+03 2.277227114748071823e+00
5.900000000000000000e+03 2.278927833166517924e+00
5.901000000000000000e+03 2.280024212170272069e+00
5.902000000000000000e+03 2.283710539470832135e+00
5.903000000000000000e+03 2.284456007361151730e+00
5.904000000000000000e+03 2.286841486274287849e+00
5.905000000000000000e+03 2.290397940378043007e+00
5.906000000000000000e+03 2.292532144548586448e+00
5.907000000000000000e+03 2.295746507208329401e+00
5.908000000000000000e+03 2.296341466747856774e+00
5.909000000000000000e+03 2.300149296883143624e+00
5.910000000000000000e+03 2.300197453540394843e+00
5.911000000000000000e+03 2.302245922337948780e+00
5.912000000000000000e+03 2.304887396837371760e+00
5.913000000000000000e+03 2.308148168011168178e+00
5.914000000000000000e+03 2.309523669722813199e+00
5.915000000000000000e+03 2.311473093780818111e+00
5.916000000000000000e+03 2.314630521928043194e+00
5.917000000000000000e+03 2.314619553115113693e+00
5.918000000000000000e+03 2.318969699552116737e+00
5.919000000000000000e+03 2.323098765479194139e+00
5.920000000000000000e+03 2.324029654459236482e+00
5.921000000000000000e+03 2.324480229992751834e+00
5.922000000000000000e+03 2.329304930171674837e+00
5.923000000000000000e+03 2.333531121283055842e+00
5.924000000000000000e+03 2.335313894649995614e+00
5.925000000000000000e+03 2.337768453138844738e+00
5.926000000000000000e+03 2.340567780995421288e+00
5.927000000000000000e+03 2.341574088420744104e+00
5.928000000000000000e+03 2.345066190804791617e+00
5.929000000000000000e+03 2.345812923508273418e+00
5.930000000000000000e+03 2.348810990911162744e+00
5.931000000000000000e+03 2.352153209819252577e+00
5.932000000000000000e+03 2.358748124315848127e+00
5.933000000000000000e+03 2.359865265734055306e+00
5.934000000000000000e+03 2.363089585356204392e+00
5.935000000000000000e+03 2.364881116840055419e+00
5.936000000000000000e+03 2.367802691875200427e+00
5.937000000000000000e+03 2.371691593157698730e+00
5.938000000000000000e+03 2.373182997724328835e+00
5.939000000000000000e+03 2.376940348309366957e+00
5.940000000000000000e+03 2.380912817381565016e+00
5.941000000000000000e+03 2.382219496375855172e+00
5.942000000000000000e+03 2.383274340941234914e+00
5.943000000000000000e+03 2.388618550269431040e+00
5.944000000000000000e+03 2.389577561214338619e+00
5.945000000000000000e+03 2.394658256200402402e+00
5.946000000000000000e+03 2.395824178371553703e+00
5.947000000000000000e+03 2.398607961752316609e+00
5.948000000000000000e+03 2.402144575430677609e+00
5.949000000000000000e+03 2.405765090892517666e+00
5.950000000000000000e+03 2.411795370978727426e+00
5.951000000000000000e+03 2.416295747351802969e+00
5.952000000000000000e+03 2.416878771937750692e+00
5.953000000000000000e+03 2.418344560272033927e+00
5.954000000000000000e+03 2.419958898964011063e+00
5.955000000000000000e+03 2.421596362959585136e+00
5.956000000000000000e+03 2.422484103890545803e+00
5.957000000000000000e+03 2.426497909238394257e+00
5.958000000000000000e+03 2.427740840870312500e+00
5.959000000000000000e+03 2.431347530651715605e+00
5.960000000000000000e+03 2.433663145649146653e+00
5.961000000000000000e+03 2.434424782890119321e+00
5.962000000000000000e+03 2.436844414615423116e+00
5.963000000000000000e+03 2.440546162507633898e+00
5.964000000000000000e+03 2.443611505504267978e+00
5.965000000000000000e+03 2.445510573636472618e+00
5.966000000000000000e+03 2.448577687371530587e+00
5.967000000000000000e+03 2.450615980526460902e+00
5.968000000000000000e+03 2.452034914155930778e+00
5.969000000000000000e+03 2.455937313617965412e+00
5.970000000000000000e+03 2.458212757162537621e+00
5.971000000000000000e+03 2.459678469400260248e+00
5.972000000000000000e+03 2.461365598479127836e+00
5.973000000000000000e+03 2.464999413957784657e+00
5.974000000000000000e+03 2.468208350387274930e+00
5.975000000000000000e+03 2.472321249820567335e+00
5.976000000000000000e+03 2.472927213754009035e+00
5.977000000000000000e+03 2.474954803524973546e+00
5.978000000000000000e+03 2.480592458855871207e+00
5.979000000000000000e+03 2.482286488828056470e+00
5.980000000000000000e+03 2.483141785353617514e+00
5.981000000000000000e+03 2.484588476048056993e+00
5.982000000000000000e+03 2.486718788385910095e+00
5.983000000000000000e+03 2.490799178225281629e+00
5.984000000000000000e+03 2.493545183688727018e+00
5.985000000000000000e+03 2.495043594073626192e+00
5.986000000000000000e+03 2.499396987989837449e+00
5.987000000000000000e+03 2.502542513388175127e+00
5.988000000000000000e+03 2.503515874638276184e+00
5.989000000000000000e+03 2.505433999115605825e+00
5.990000000000000000e+03 2.506347277065767987e+00
5.991000000000000000e+03 2.506865267140674369e+00
5.992000000000000000e+03 2.509884473285384665e+00
5.993000000000000000e+03 2.512616379068828731e+00
5.994000000000000000e+03 2.519151874097604438e+00
5.995000000000000000e+03 2.522509739809306151e+00
5.996000000000000000e+03 2.523374328686002421e+00
5.997000000000000000e+03 2.523834309546777011e+00
5.998000000000000000e+03 2.529316929950172987e+00
5.999000000000000000e+03 2.530141968093405858e+00
