# time(ps)	msd(nm^2)	#D_bar=2.059417052685065e-09,D_std=1.9084344617989456e-10
5.000000000000000000e+03 0.000000000000000000e+00
5.001000000000000000e+03 1.437175193599085805e-02
5.002000000000000000e+03 2.429605956892208485e-02
5.003000000000000000e+03 3.323955863768503910e-02
5.004000000000000000e+03 4.281616601335256483e-02
5.005000000000000000e+03 5.145665632281506974e-02
5.006000000000000000e+03 6.002442505262658989e-02
5.007000000000000000e+03 6.788042002217878346e-02
5.008000000000000000e+03 7.607756155182827940e-02
5.009000000000000000e+03 8.491864626742016975e-02
5.010000000000000000e+03 9.340073014470974544e-02
5.011000000000000000e+03 1.009494021001119540e-01
5.012000000000000000e+03 1.094465247594593182e-01
5.013000000000000000e+03 1.170366229110583745e-01
5.014000000000000000e+03 1.249981375267524702e-01
5.015000000000000000e+03 1.333831941531366250e-01
5.016000000000000000e+03 1.416436549056712402e-01
5.017000000000000000e+03 1.495709446030960288e-01
5.018000000000000000e+03 1.585577791505823897e-01
5.019000000000000000e+03 1.668123358223896624e-01
5.020000000000000000e+03 1.750442931054213280e-01
5.021000000000000000e+03 1.838463019369294404e-01
5.022000000000000000e+03 1.909974773471544429e-01
5.023000000000000000e+03 1.996928941827148252e-01
5.024000000000000000e+03 2.066274570130405275e-01
5.025000000000000000e+03 2.151217946299801287e-01
5.026000000000000000e+03 2.231819937282716604e-01
5.027000000000000000e+03 2.310144332009658463e-01
5.028000000000000000e+03 2.382110046413933035e-01
5.029000000000000000e+03 2.467574289008639676e-01
5.030000000000000000e+03 2.549668255544243478e-01
5.031000000000000000e+03 2.621675004507458273e-01
5.032000000000000000e+03 2.704126853688094689e-01
5.033000000000000000e+03 2.782663981264551500e-01
5.034000000000000000e+03 2.862922416792976210e-01
5.035000000000000000e+03 2.943463704407977555e-01
5.036000000000000000e+03 3.020537255312649161e-01
5.037000000000000000e+03 3.100363485148696641e-01
5.038000000000000000e+03 3.182959150891630506e-01
5.039000000000000000e+03 3.267296009448780736e-01
5.040000000000000000e+03 3.349292607979117986e-01
5.041000000000000000e+03 3.427282309778254543e-01
5.042000000000000000e+03 3.512264027983476034e-01
5.043000000000000000e+03 3.592367762135389442e-01
5.044000000000000000e+03 3.674756039542434460e-01
5.045000000000000000e+03 3.756880005273083856e-01
5.046000000000000000e+03 3.853774148909772101e-01
5.047000000000000000e+03 3.925536170321372587e-01
5.048000000000000000e+03 4.001001451836256328e-01
5.049000000000000000e+03 4.082916778148704129e-01
5.050000000000000000e+03 4.162871462689362034e-01
5.051000000000000000e+03 4.231867945114624052e-01
5.052000000000000000e+03 4.308051024340251445e-01
5.053000000000000000e+03 4.397057470004342439e-01
5.054000000000000000e+03 4.492315563492583208e-01
5.055000000000000000e+03 4.578299803956752956e-01
5.056000000000000000e+03 4.651940779463045739e-01
5.057000000000000000e+03 4.746617007125268350e-01
5.058000000000000000e+03 4.825464460295334490e-01
5.059000000000000000e+03 4.910110972039107291e-01
5.060000000000000000e+03 4.987168995336683230e-01
5.061000000000000000e+03 5.065943146012518161e-01
5.062000000000000000e+03 5.137061899766532935e-01
5.063000000000000000e+03 5.198923968226528691e-01
5.064000000000000000e+03 5.278597754569361866e-01
5.065000000000000000e+03 5.355583319319474622e-01
5.066000000000000000e+03 5.432428017340072968e-01
5.067000000000000000e+03 5.515179426364633652e-01
5.068000000000000000e+03 5.594986842195409649e-01
5.069000000000000000e+03 5.665707755392798139e-01
5.070000000000000000e+03 5.741661548904019030e-01
5.071000000000000000e+03 5.826290122074431199e-01
5.072000000000000000e+03 5.903258081921386458e-01
5.073000000000000000e+03 5.988944800028891402e-01
5.074000000000000000e+03 6.070728441694686062e-01
5.075000000000000000e+03 6.153882605854351651e-01
5.076000000000000000e+03 6.238112498140363504e-01
5.077000000000000000e+03 6.310508254809169548e-01
5.078000000000000000e+03 6.408848374557264416e-01
5.079000000000000000e+03 6.492056176383059762e-01
5.080000000000000000e+03 6.570627911567112900e-01
5.081000000000000000e+03 6.650667259312426083e-01
5.082000000000000000e+03 6.736724119006894940e-01
5.083000000000000000e+03 6.814497275720169389e-01
5.084000000000000000e+03 6.895658507373162438e-01
5.085000000000000000e+03 6.987827365588038520e-01
5.086000000000000000e+03 7.059661363498617170e-01
5.087000000000000000e+03 7.145314039283615637e-01
5.088000000000000000e+03 7.227640443667543435e-01
5.089000000000000000e+03 7.309760061552399435e-01
5.090000000000000000e+03 7.398705845828773553e-01
5.091000000000000000e+03 7.477189947347172572e-01
5.092000000000000000e+03 7.561026651640699869e-01
5.093000000000000000e+03 7.646406297620024217e-01
5.094000000000000000e+03 7.733270044969519086e-01
5.095000000000000000e+03 7.810489492989627358e-01
5.096000000000000000e+03 7.906534761534217415e-01
5.097000000000000000e+03 7.973188250876951377e-01
5.098000000000000000e+03 8.057017417553340444e-01
5.099000000000000000e+03 8.141472132624318903e-01
5.100000000000000000e+03 8.230267772547171790e-01
5.101000000000000000e+03 8.296188954953791495e-01
5.102000000000000000e+03 8.376368529592485013e-01
5.103000000000000000e+03 8.455552551047179621e-01
5.104000000000000000e+03 8.544054632123189164e-01
5.105000000000000000e+03 8.636089351297365768e-01
5.106000000000000000e+03 8.725671126904752661e-01
5.107000000000000000e+03 8.803578818575424902e-01
5.108000000000000000e+03 8.897875144254387969e-01
5.109000000000000000e+03 8.993401424625683260e-01
5.110000000000000000e+03 9.075176294601240423e-01
5.111000000000000000e+03 9.148491359726903527e-01
5.112000000000000000e+03 9.230099940343414744e-01
5.113000000000000000e+03 9.312853522205172263e-01
5.114000000000000000e+03 9.394223438151755312e-01
5.115000000000000000e+03 9.465556026011717750e-01
5.116000000000000000e+03 9.548488107680116466e-01
5.117000000000000000e+03 9.636559600749019516e-01
5.118000000000000000e+03 9.723343543739993988e-01
5.119000000000000000e+03 9.797369498662251708e-01
5.120000000000000000e+03 9.885090436802248526e-01
5.121000000000000000e+03 9.958768682763589064e-01
5.122000000000000000e+03 1.004493225105762777e+00
5.123000000000000000e+03 1.013189835916089798e+00
5.124000000000000000e+03 1.021355929198088708e+00
5.125000000000000000e+03 1.027694550006404972e+00
5.126000000000000000e+03 1.035945232231543445e+00
5.127000000000000000e+03 1.046359706518500632e+00
5.128000000000000000e+03 1.054031386835761808e+00
5.129000000000000000e+03 1.062155805360786021e+00
5.130000000000000000e+03 1.069018500605423361e+00
5.131000000000000000e+03 1.079593068408329470e+00
5.132000000000000000e+03 1.087581459073204249e+00
5.133000000000000000e+03 1.095056546407535913e+00
5.134000000000000000e+03 1.103789759608710286e+00
5.135000000000000000e+03 1.110736528742870322e+00
5.136000000000000000e+03 1.119306168993386530e+00
5.137000000000000000e+03 1.128802851321991430e+00
5.138000000000000000e+03 1.136953773249549382e+00
5.139000000000000000e+03 1.145752775068346052e+00
5.140000000000000000e+03 1.152911064330924384e+00
5.141000000000000000e+03 1.161822682231863579e+00
5.142000000000000000e+03 1.169893572239276258e+00
5.143000000000000000e+03 1.178087454096939712e+00
5.144000000000000000e+03 1.186388287315531143e+00
5.145000000000000000e+03 1.194629090007465644e+00
5.146000000000000000e+03 1.202197016986414013e+00
5.147000000000000000e+03 1.209131474486248470e+00
5.148000000000000000e+03 1.217241399419908943e+00
5.149000000000000000e+03 1.226660916207411356e+00
5.150000000000000000e+03 1.234044620320517760e+00
5.151000000000000000e+03 1.240552154250338379e+00
5.152000000000000000e+03 1.249827051133768352e+00
5.153000000000000000e+03 1.258148541360750050e+00
5.154000000000000000e+03 1.264467832169245964e+00
5.155000000000000000e+03 1.274405298482017779e+00
5.156000000000000000e+03 1.282666777145811787e+00
5.157000000000000000e+03 1.288837550695403733e+00
5.158000000000000000e+03 1.294609361514222901e+00
5.159000000000000000e+03 1.303082623478855728e+00
5.160000000000000000e+03 1.312441741327263545e+00
5.161000000000000000e+03 1.320321454665989602e+00
5.162000000000000000e+03 1.329176984415244789e+00
5.163000000000000000e+03 1.337164864803561670e+00
5.164000000000000000e+03 1.345479001402492658e+00
5.165000000000000000e+03 1.353066308323223721e+00
5.166000000000000000e+03 1.362058801367272087e+00
5.167000000000000000e+03 1.372386963496298629e+00
5.168000000000000000e+03 1.378614057970538376e+00
5.169000000000000000e+03 1.387404121915426281e+00
5.170000000000000000e+03 1.396559009279854102e+00
5.171000000000000000e+03 1.406444471245761108e+00
5.172000000000000000e+03 1.414513626023358173e+00
5.173000000000000000e+03 1.422722097447805423e+00
5.174000000000000000e+03 1.430904220941214833e+00
5.175000000000000000e+03 1.440762002177143897e+00
5.176000000000000000e+03 1.448900003323210228e+00
5.177000000000000000e+03 1.454115560435496946e+00
5.178000000000000000e+03 1.462463132236390129e+00
5.179000000000000000e+03 1.471890749175691626e+00
5.180000000000000000e+03 1.480309277935757173e+00
5.181000000000000000e+03 1.490082279001500920e+00
5.182000000000000000e+03 1.497514171461373778e+00
5.183000000000000000e+03 1.506176790180681513e+00
5.184000000000000000e+03 1.513888245578526970e+00
5.185000000000000000e+03 1.522367249855359761e+00
5.186000000000000000e+03 1.530177905042749087e+00
5.187000000000000000e+03 1.537265350837452749e+00
5.188000000000000000e+03 1.544271535415973950e+00
5.189000000000000000e+03 1.551192804474359699e+00
5.190000000000000000e+03 1.559504683262374014e+00
5.191000000000000000e+03 1.565572338822253995e+00
5.192000000000000000e+03 1.574378062249967014e+00
5.193000000000000000e+03 1.584165615100318059e+00
5.194000000000000000e+03 1.589026989036425919e+00
5.195000000000000000e+03 1.596788457616864276e+00
5.196000000000000000e+03 1.603002387534942619e+00
5.197000000000000000e+03 1.611602768437676358e+00
5.198000000000000000e+03 1.619863039953606032e+00
5.199000000000000000e+03 1.627552136118366244e+00
5.200000000000000000e+03 1.635090300728497148e+00
5.201000000000000000e+03 1.644783116429228587e+00
5.202000000000000000e+03 1.652751610795874404e+00
5.203000000000000000e+03 1.660033516689872757e+00
5.204000000000000000e+03 1.668147305683722159e+00
5.205000000000000000e+03 1.677576826786950415e+00
5.206000000000000000e+03 1.684973805907572286e+00
5.207000000000000000e+03 1.692853964381168197e+00
5.208000000000000000e+03 1.702028326939001746e+00
5.209000000000000000e+03 1.708990512794628325e+00
5.210000000000000000e+03 1.716104714452097335e+00
5.211000000000000000e+03 1.725775410930677323e+00
5.212000000000000000e+03 1.732959552757944444e+00
5.213000000000000000e+03 1.740068584481514691e+00
5.214000000000000000e+03 1.747881377474351128e+00
5.215000000000000000e+03 1.757277823102495473e+00
5.216000000000000000e+03 1.763523370190396733e+00
5.217000000000000000e+03 1.772802070914141659e+00
5.218000000000000000e+03 1.780309722288927921e+00
5.219000000000000000e+03 1.787526596222202668e+00
5.220000000000000000e+03 1.795230677001897979e+00
5.221000000000000000e+03 1.803173516834586154e+00
5.222000000000000000e+03 1.811284144864200973e+00
5.223000000000000000e+03 1.818593550394286273e+00
5.224000000000000000e+03 1.826216852874849250e+00
5.225000000000000000e+03 1.834445323666153094e+00
5.226000000000000000e+03 1.842545620803044848e+00
5.227000000000000000e+03 1.849375665441165273e+00
5.228000000000000000e+03 1.856491623897586374e+00
5.229000000000000000e+03 1.864793887193374688e+00
5.230000000000000000e+03 1.873186543701486961e+00
5.231000000000000000e+03 1.884097891716647100e+00
5.232000000000000000e+03 1.892573792064413896e+00
5.233000000000000000e+03 1.902284738289347965e+00
5.234000000000000000e+03 1.912340798230336425e+00
5.235000000000000000e+03 1.921208236604006414e+00
5.236000000000000000e+03 1.927593707748811447e+00
5.237000000000000000e+03 1.933791732672277552e+00
5.238000000000000000e+03 1.939659901800194541e+00
5.239000000000000000e+03 1.948042234074511159e+00
5.240000000000000000e+03 1.955302008007539838e+00
5.241000000000000000e+03 1.962485655626529768e+00
5.242000000000000000e+03 1.971446354894401454e+00
5.243000000000000000e+03 1.979141264303423631e+00
5.244000000000000000e+03 1.987393892527929085e+00
5.245000000000000000e+03 1.994157559233284749e+00
5.246000000000000000e+03 2.002907987500801568e+00
5.247000000000000000e+03 2.011992160956932896e+00
5.248000000000000000e+03 2.021594706490753790e+00
5.249000000000000000e+03 2.028686778213880881e+00
5.250000000000000000e+03 2.036007070222912052e+00
5.251000000000000000e+03 2.042998049573313768e+00
5.252000000000000000e+03 2.052487017533673352e+00
5.253000000000000000e+03 2.061431920665933948e+00
5.254000000000000000e+03 2.070113708412712139e+00
5.255000000000000000e+03 2.075713346419944649e+00
5.256000000000000000e+03 2.085038374754322188e+00
5.257000000000000000e+03 2.094402715952813576e+00
5.258000000000000000e+03 2.102982691004554816e+00
5.259000000000000000e+03 2.110794276415252302e+00
5.260000000000000000e+03 2.119653643009947519e+00
5.261000000000000000e+03 2.127254883303522526e+00
5.262000000000000000e+03 2.136856390913109749e+00
5.263000000000000000e+03 2.146543581267160050e+00
5.264000000000000000e+03 2.155046258033515461e+00
5.265000000000000000e+03 2.162748187400387767e+00
5.266000000000000000e+03 2.170264031283408723e+00
5.267000000000000000e+03 2.177396180778834012e+00
5.268000000000000000e+03 2.187809765230327219e+00
5.269000000000000000e+03 2.195950392889267189e+00
5.270000000000000000e+03 2.204785650689891074e+00
5.271000000000000000e+03 2.212578343852912077e+00
5.272000000000000000e+03 2.220902293251004078e+00
5.273000000000000000e+03 2.226822096865758827e+00
5.274000000000000000e+03 2.238196135291057765e+00
5.275000000000000000e+03 2.245692673204302547e+00
5.276000000000000000e+03 2.253147045916038760e+00
5.277000000000000000e+03 2.261414335073669957e+00
5.278000000000000000e+03 2.270405987645180090e+00
5.279000000000000000e+03 2.278444008459520553e+00
5.280000000000000000e+03 2.286406418881996583e+00
5.281000000000000000e+03 2.296566895737963243e+00
5.282000000000000000e+03 2.304603790324894153e+00
5.283000000000000000e+03 2.311023175101173610e+00
5.284000000000000000e+03 2.318095866158723428e+00
5.285000000000000000e+03 2.325944007637287481e+00
5.286000000000000000e+03 2.334399976944589117e+00
5.287000000000000000e+03 2.342670317338898744e+00
5.288000000000000000e+03 2.352906122016558133e+00
5.289000000000000000e+03 2.360737802624774506e+00
5.290000000000000000e+03 2.369200989920657197e+00
5.291000000000000000e+03 2.378760755604951260e+00
5.292000000000000000e+03 2.388540070782160019e+00
5.293000000000000000e+03 2.396618913142117613e+00
5.294000000000000000e+03 2.402883013740914731e+00
5.295000000000000000e+03 2.412181216728057187e+00
5.296000000000000000e+03 2.419185146246089158e+00
5.297000000000000000e+03 2.429089840065006722e+00
5.298000000000000000e+03 2.437692601679307458e+00
5.299000000000000000e+03 2.445675439377155147e+00
5.300000000000000000e+03 2.454867504840195114e+00
5.301000000000000000e+03 2.463546492362933105e+00
5.302000000000000000e+03 2.469274420411065485e+00
5.303000000000000000e+03 2.477003829147718772e+00
5.304000000000000000e+03 2.485410377627514045e+00
5.305000000000000000e+03 2.497453003416078232e+00
5.306000000000000000e+03 2.505171784503429588e+00
5.307000000000000000e+03 2.513144692002317271e+00
5.308000000000000000e+03 2.519861691491705802e+00
5.309000000000000000e+03 2.530390530408479499e+00
5.310000000000000000e+03 2.536399506335557330e+00
5.311000000000000000e+03 2.544694038036741990e+00
5.312000000000000000e+03 2.552180995489512494e+00
5.313000000000000000e+03 2.559778040368846597e+00
5.314000000000000000e+03 2.567314687032880460e+00
5.315000000000000000e+03 2.575559153727639661e+00
5.316000000000000000e+03 2.583720721688933963e+00
5.317000000000000000e+03 2.589386941160516376e+00
5.318000000000000000e+03 2.597747633076467277e+00
5.319000000000000000e+03 2.605867911630062039e+00
5.320000000000000000e+03 2.612965754906770410e+00
5.321000000000000000e+03 2.620751371945333918e+00
5.322000000000000000e+03 2.626775097977267936e+00
5.323000000000000000e+03 2.634786470340249487e+00
5.324000000000000000e+03 2.643496696921501243e+00
5.325000000000000000e+03 2.651297792783271934e+00
5.326000000000000000e+03 2.661435534321472840e+00
5.327000000000000000e+03 2.670627950102037129e+00
5.328000000000000000e+03 2.676690258542623102e+00
5.329000000000000000e+03 2.684869650427903931e+00
5.330000000000000000e+03 2.693545097717027215e+00
5.331000000000000000e+03 2.702586860749384368e+00
5.332000000000000000e+03 2.712496316280955444e+00
5.333000000000000000e+03 2.721519694881286977e+00
5.334000000000000000e+03 2.728491235372871415e+00
5.335000000000000000e+03 2.734929109676431214e+00
5.336000000000000000e+03 2.745694037126495957e+00
5.337000000000000000e+03 2.754212769726658294e+00
5.338000000000000000e+03 2.760771119095154713e+00
5.339000000000000000e+03 2.767425140468873668e+00
5.340000000000000000e+03 2.777541369036898633e+00
5.341000000000000000e+03 2.785171316548702425e+00
5.342000000000000000e+03 2.792585403034741010e+00
5.343000000000000000e+03 2.801745416470998951e+00
5.344000000000000000e+03 2.809462848401605317e+00
5.345000000000000000e+03 2.816623013165766576e+00
5.346000000000000000e+03 2.823542783675806245e+00
5.347000000000000000e+03 2.834978911973666360e+00
5.348000000000000000e+03 2.841043226778254382e+00
5.349000000000000000e+03 2.847119569344163992e+00
5.350000000000000000e+03 2.855735473076936870e+00
5.351000000000000000e+03 2.868666638442075367e+00
5.352000000000000000e+03 2.874569595837201064e+00
5.353000000000000000e+03 2.882842923195058749e+00
5.354000000000000000e+03 2.888795148551864145e+00
5.355000000000000000e+03 2.895986094935128818e+00
5.356000000000000000e+03 2.906717984837044355e+00
5.357000000000000000e+03 2.917301234724165138e+00
5.358000000000000000e+03 2.925576288191998220e+00
5.359000000000000000e+03 2.935151587129001260e+00
5.360000000000000000e+03 2.946894071865023168e+00
5.361000000000000000e+03 2.954354889550639740e+00
5.362000000000000000e+03 2.960881446880069490e+00
5.363000000000000000e+03 2.967556194312370277e+00
5.364000000000000000e+03 2.973376400918039675e+00
5.365000000000000000e+03 2.982021581931191268e+00
5.366000000000000000e+03 2.987831855732236974e+00
5.367000000000000000e+03 2.994686288260371310e+00
5.368000000000000000e+03 3.002153138355841744e+00
5.369000000000000000e+03 3.008116364261923525e+00
5.370000000000000000e+03 3.018373728522259380e+00
5.371000000000000000e+03 3.027310335498615945e+00
5.372000000000000000e+03 3.034021801997765611e+00
5.373000000000000000e+03 3.043503449190435362e+00
5.374000000000000000e+03 3.050795467680124773e+00
5.375000000000000000e+03 3.058840062014610339e+00
5.376000000000000000e+03 3.063813336921882069e+00
5.377000000000000000e+03 3.074293867920700141e+00
5.378000000000000000e+03 3.081690520174804160e+00
5.379000000000000000e+03 3.090808100604839570e+00
5.380000000000000000e+03 3.099269747082654458e+00
5.381000000000000000e+03 3.106511251522542150e+00
5.382000000000000000e+03 3.116143145558322392e+00
5.383000000000000000e+03 3.125717599680008174e+00
5.384000000000000000e+03 3.133308996051169970e+00
5.385000000000000000e+03 3.142799589948068739e+00
5.386000000000000000e+03 3.150971243000782351e+00
5.387000000000000000e+03 3.160605795396482787e+00
5.388000000000000000e+03 3.170393469555129240e+00
5.389000000000000000e+03 3.177926528504491532e+00
5.390000000000000000e+03 3.188465977120414241e+00
5.391000000000000000e+03 3.197789940315806323e+00
5.392000000000000000e+03 3.205531961062346724e+00
5.393000000000000000e+03 3.213006809399064689e+00
5.394000000000000000e+03 3.222840954769578214e+00
5.395000000000000000e+03 3.230400500039875666e+00
5.396000000000000000e+03 3.240266400391069723e+00
5.397000000000000000e+03 3.244489340906659525e+00
5.398000000000000000e+03 3.252673523745973849e+00
5.399000000000000000e+03 3.259290917540725641e+00
5.400000000000000000e+03 3.271107322748458390e+00
5.401000000000000000e+03 3.279583012616191340e+00
5.402000000000000000e+03 3.287645810144051328e+00
5.403000000000000000e+03 3.294971845333839244e+00
5.404000000000000000e+03 3.302557256197159230e+00
5.405000000000000000e+03 3.310943704268105581e+00
5.406000000000000000e+03 3.319192570198210124e+00
5.407000000000000000e+03 3.328933784725741862e+00
5.408000000000000000e+03 3.335913544650793927e+00
5.409000000000000000e+03 3.341365733722810205e+00
5.410000000000000000e+03 3.348229816485404964e+00
5.411000000000000000e+03 3.357582389331255968e+00
5.412000000000000000e+03 3.365675128874231703e+00
5.413000000000000000e+03 3.374262970725767641e+00
5.414000000000000000e+03 3.382937960575475689e+00
5.415000000000000000e+03 3.390432623566173476e+00
5.416000000000000000e+03 3.398432897233065741e+00
5.417000000000000000e+03 3.407949910282578543e+00
5.418000000000000000e+03 3.418923814584794219e+00
5.419000000000000000e+03 3.423720006589536791e+00
5.420000000000000000e+03 3.433363649869732637e+00
5.421000000000000000e+03 3.442247592831063852e+00
5.422000000000000000e+03 3.450739645711855985e+00
5.423000000000000000e+03 3.459479712976712307e+00
5.424000000000000000e+03 3.467792729862402723e+00
5.425000000000000000e+03 3.476946342621126007e+00
5.426000000000000000e+03 3.487807186430124773e+00
5.427000000000000000e+03 3.495412003726182437e+00
5.428000000000000000e+03 3.501117138263305506e+00
5.429000000000000000e+03 3.508999552376428355e+00
5.430000000000000000e+03 3.519366045467186677e+00
5.431000000000000000e+03 3.532957639271516737e+00
5.432000000000000000e+03 3.541556976170128213e+00
5.433000000000000000e+03 3.548154573840088588e+00
5.434000000000000000e+03 3.557145342800788868e+00
5.435000000000000000e+03 3.566677213945604663e+00
5.436000000000000000e+03 3.570635486966418970e+00
5.437000000000000000e+03 3.580287789169339430e+00
5.438000000000000000e+03 3.586806197128805440e+00
5.439000000000000000e+03 3.593529330649082976e+00
5.440000000000000000e+03 3.599973185249146557e+00
5.441000000000000000e+03 3.608724687341207105e+00
5.442000000000000000e+03 3.616054198491479799e+00
5.443000000000000000e+03 3.622811893585889731e+00
5.444000000000000000e+03 3.633037376635424920e+00
5.445000000000000000e+03 3.639951450577199932e+00
5.446000000000000000e+03 3.646789129242147709e+00
5.447000000000000000e+03 3.653831662593210794e+00
5.448000000000000000e+03 3.660773422621058426e+00
5.449000000000000000e+03 3.670096825887451786e+00
5.450000000000000000e+03 3.677186689741624104e+00
5.451000000000000000e+03 3.687367983565015717e+00
5.452000000000000000e+03 3.696924414573905082e+00
5.453000000000000000e+03 3.705669578524451779e+00
5.454000000000000000e+03 3.711048548917879497e+00
5.455000000000000000e+03 3.720651743552433555e+00
5.456000000000000000e+03 3.729196583204147597e+00
5.457000000000000000e+03 3.740119379364365670e+00
5.458000000000000000e+03 3.749593154545905804e+00
5.459000000000000000e+03 3.759647653692045566e+00
5.460000000000000000e+03 3.765576298915767950e+00
5.461000000000000000e+03 3.771029994063618052e+00
5.462000000000000000e+03 3.781601589089389481e+00
5.463000000000000000e+03 3.787581101575618892e+00
5.464000000000000000e+03 3.793813604691857577e+00
5.465000000000000000e+03 3.802713573087540766e+00
5.466000000000000000e+03 3.812261686226637192e+00
5.467000000000000000e+03 3.818054583699470594e+00
5.468000000000000000e+03 3.827585367412366768e+00
5.469000000000000000e+03 3.834506352163479459e+00
5.470000000000000000e+03 3.841158705330938616e+00
5.471000000000000000e+03 3.849233062758039114e+00
5.472000000000000000e+03 3.856210754362106030e+00
5.473000000000000000e+03 3.865743467427054991e+00
5.474000000000000000e+03 3.871810178287692583e+00
5.475000000000000000e+03 3.878091008430115227e+00
5.476000000000000000e+03 3.888838061000915669e+00
5.477000000000000000e+03 3.898914763329603961e+00
5.478000000000000000e+03 3.906401125242582761e+00
5.479000000000000000e+03 3.913737817033540178e+00
5.480000000000000000e+03 3.921152291474520712e+00
5.481000000000000000e+03 3.930039112829914583e+00
5.482000000000000000e+03 3.938886440951099299e+00
5.483000000000000000e+03 3.949447953201596473e+00
5.484000000000000000e+03 3.955074783376149039e+00
5.485000000000000000e+03 3.967320942487872149e+00
5.486000000000000000e+03 3.978875152689802075e+00
5.487000000000000000e+03 3.986199673697236268e+00
5.488000000000000000e+03 3.991503991136857277e+00
5.489000000000000000e+03 3.998715376955274348e+00
5.490000000000000000e+03 4.008255030360450277e+00
5.491000000000000000e+03 4.014831639667968410e+00
5.492000000000000000e+03 4.023108749876040058e+00
5.493000000000000000e+03 4.030351616211492072e+00
5.494000000000000000e+03 4.036665578285131062e+00
5.495000000000000000e+03 4.043781363898937720e+00
5.496000000000000000e+03 4.054423281259082579e+00
5.497000000000000000e+03 4.064239361826115449e+00
5.498000000000000000e+03 4.072600288831181636e+00
5.499000000000000000e+03 4.081045014683085448e+00
5.500000000000000000e+03 4.089276374580648188e+00
5.501000000000000000e+03 4.096310378134286445e+00
5.502000000000000000e+03 4.103635163761733651e+00
5.503000000000000000e+03 4.113478591678068064e+00
5.504000000000000000e+03 4.123963497303148706e+00
5.505000000000000000e+03 4.134734377255929516e+00
5.506000000000000000e+03 4.140608088638685125e+00
5.507000000000000000e+03 4.147087675626162095e+00
5.508000000000000000e+03 4.158476851532224572e+00
5.509000000000000000e+03 4.166702084057821942e+00
5.510000000000000000e+03 4.174709658226100295e+00
5.511000000000000000e+03 4.183008652567212771e+00
5.512000000000000000e+03 4.191408978423424969e+00
5.513000000000000000e+03 4.200720638814808616e+00
5.514000000000000000e+03 4.209693023922518762e+00
5.515000000000000000e+03 4.218128664680301121e+00
5.516000000000000000e+03 4.227260633027401404e+00
5.517000000000000000e+03 4.237043721211194658e+00
5.518000000000000000e+03 4.244527218047966066e+00
5.519000000000000000e+03 4.251323021898577359e+00
5.520000000000000000e+03 4.259860578999059122e+00
5.521000000000000000e+03 4.270580369339033844e+00
5.522000000000000000e+03 4.278402684020069735e+00
5.523000000000000000e+03 4.283328304163384281e+00
5.524000000000000000e+03 4.290484193316644657e+00
5.525000000000000000e+03 4.298636836577126807e+00
5.526000000000000000e+03 4.308394113018358063e+00
5.527000000000000000e+03 4.315604286332814787e+00
5.528000000000000000e+03 4.324254034212597908e+00
5.529000000000000000e+03 4.332876550550524009e+00
5.530000000000000000e+03 4.340724792781567309e+00
5.531000000000000000e+03 4.346956195727071481e+00
5.532000000000000000e+03 4.357973423015731207e+00
5.533000000000000000e+03 4.366006484086685013e+00
5.534000000000000000e+03 4.375044099475369208e+00
5.535000000000000000e+03 4.379866488861472007e+00
5.536000000000000000e+03 4.387577407781326322e+00
5.537000000000000000e+03 4.395126396044863881e+00
5.538000000000000000e+03 4.404113334095254295e+00
5.539000000000000000e+03 4.414549451201483343e+00
5.540000000000000000e+03 4.422842337278861002e+00
5.541000000000000000e+03 4.429308180238669124e+00
5.542000000000000000e+03 4.435209137639206212e+00
5.543000000000000000e+03 4.445225070010693891e+00
5.544000000000000000e+03 4.455653821184332841e+00
5.545000000000000000e+03 4.459156608465733918e+00
5.546000000000000000e+03 4.469869060087871659e+00
5.547000000000000000e+03 4.480395793625276291e+00
5.548000000000000000e+03 4.491158982226536089e+00
5.549000000000000000e+03 4.499419107535567619e+00
5.550000000000000000e+03 4.507489409964956728e+00
5.551000000000000000e+03 4.519161796454013391e+00
5.552000000000000000e+03 4.528866399615622207e+00
5.553000000000000000e+03 4.536107739029902497e+00
5.554000000000000000e+03 4.541920352720391740e+00
5.555000000000000000e+03 4.552847772492883749e+00
5.556000000000000000e+03 4.565045467346599217e+00
5.557000000000000000e+03 4.575588805934625469e+00
5.558000000000000000e+03 4.585999182519872264e+00
5.559000000000000000e+03 4.590721991399452584e+00
5.560000000000000000e+03 4.599689835118172532e+00
5.561000000000000000e+03 4.606000226269220121e+00
5.562000000000000000e+03 4.611341307940597822e+00
5.563000000000000000e+03 4.618445604297705565e+00
5.564000000000000000e+03 4.627005756588943974e+00
5.565000000000000000e+03 4.634121161775293096e+00
5.566000000000000000e+03 4.641246042326860888e+00
5.567000000000000000e+03 4.648658095234149634e+00
5.568000000000000000e+03 4.655915370911050566e+00
5.569000000000000000e+03 4.662264472437978924e+00
5.570000000000000000e+03 4.671981372034180069e+00
5.571000000000000000e+03 4.679803967548269661e+00
5.572000000000000000e+03 4.686662869664782072e+00
5.573000000000000000e+03 4.692225347378792044e+00
5.574000000000000000e+03 4.701381392672918658e+00
5.575000000000000000e+03 4.711714277863865874e+00
5.576000000000000000e+03 4.718041594852150133e+00
5.577000000000000000e+03 4.729607413013417805e+00
5.578000000000000000e+03 4.737258478592003108e+00
5.579000000000000000e+03 4.745286796769010884e+00
5.580000000000000000e+03 4.753015676265643030e+00
5.581000000000000000e+03 4.760433777216789508e+00
5.582000000000000000e+03 4.769900519991179699e+00
5.583000000000000000e+03 4.779786903784359886e+00
5.584000000000000000e+03 4.790016492786881130e+00
5.585000000000000000e+03 4.800539615448126796e+00
5.586000000000000000e+03 4.804835168390327205e+00
5.587000000000000000e+03 4.811146865849361021e+00
5.588000000000000000e+03 4.819305112453106332e+00
5.589000000000000000e+03 4.828597737574621185e+00
5.590000000000000000e+03 4.832660089063154807e+00
5.591000000000000000e+03 4.840998107618323054e+00
5.592000000000000000e+03 4.850562943931630677e+00
5.593000000000000000e+03 4.855207078443847024e+00
5.594000000000000000e+03 4.866423419843533438e+00
5.595000000000000000e+03 4.872866316716019774e+00
5.596000000000000000e+03 4.880202016616198790e+00
5.597000000000000000e+03 4.886889728692056956e+00
5.598000000000000000e+03 4.894313368134304731e+00
5.599000000000000000e+03 4.902835913115586308e+00
5.600000000000000000e+03 4.909671967002066317e+00
5.601000000000000000e+03 4.918394873340566242e+00
5.602000000000000000e+03 4.927789614572623655e+00
5.603000000000000000e+03 4.938816891052392855e+00
5.604000000000000000e+03 4.944894811494752851e+00
5.605000000000000000e+03 4.952574410869918786e+00
5.606000000000000000e+03 4.960886643739200075e+00
5.607000000000000000e+03 4.971614579974914960e+00
5.608000000000000000e+03 4.979689541916885176e+00
5.609000000000000000e+03 4.989865221395306527e+00
5.610000000000000000e+03 4.996192043885796963e+00
5.611000000000000000e+03 5.008519456975733419e+00
5.612000000000000000e+03 5.018648079256614380e+00
5.613000000000000000e+03 5.025679540836817338e+00
5.614000000000000000e+03 5.032637122477914282e+00
5.615000000000000000e+03 5.039995947966953160e+00
5.616000000000000000e+03 5.049872756800509066e+00
5.617000000000000000e+03 5.055337550354926712e+00
5.618000000000000000e+03 5.063156259371139001e+00
5.619000000000000000e+03 5.069043090579433475e+00
5.620000000000000000e+03 5.073887832539691445e+00
5.621000000000000000e+03 5.084949908577895528e+00
5.622000000000000000e+03 5.093445252127263068e+00
5.623000000000000000e+03 5.103168977414324736e+00
5.624000000000000000e+03 5.114642368494995317e+00
5.625000000000000000e+03 5.119780510935410867e+00
5.626000000000000000e+03 5.129014115950234043e+00
5.627000000000000000e+03 5.135202776683631676e+00
5.628000000000000000e+03 5.143686888068823571e+00
5.629000000000000000e+03 5.153104249969275408e+00
5.630000000000000000e+03 5.164995492843693192e+00
5.631000000000000000e+03 5.170865178759632030e+00
5.632000000000000000e+03 5.178895767341619383e+00
5.633000000000000000e+03 5.187942512989333288e+00
5.634000000000000000e+03 5.195999740758082908e+00
5.635000000000000000e+03 5.205193777263851906e+00
5.636000000000000000e+03 5.214568766377952969e+00
5.637000000000000000e+03 5.222262749616922939e+00
5.638000000000000000e+03 5.230347705162431637e+00
5.639000000000000000e+03 5.240335529908744405e+00
5.640000000000000000e+03 5.250342771510463358e+00
5.641000000000000000e+03 5.258969673476365791e+00
5.642000000000000000e+03 5.267398241294389827e+00
5.643000000000000000e+03 5.278626711207879296e+00
5.644000000000000000e+03 5.285038577475255295e+00
5.645000000000000000e+03 5.296608727993064925e+00
5.646000000000000000e+03 5.305547019388723307e+00
5.647000000000000000e+03 5.316811360079516824e+00
5.648000000000000000e+03 5.320660659451877272e+00
5.649000000000000000e+03 5.329131663750358072e+00
5.650000000000000000e+03 5.334543619578582252e+00
5.651000000000000000e+03 5.345565674300618575e+00
5.652000000000000000e+03 5.352413256239302086e+00
5.653000000000000000e+03 5.361489414083064453e+00
5.654000000000000000e+03 5.367527423805370290e+00
5.655000000000000000e+03 5.375920626924627577e+00
5.656000000000000000e+03 5.384092241181846816e+00
5.657000000000000000e+03 5.390880540709964919e+00
5.658000000000000000e+03 5.402934198315819003e+00
5.659000000000000000e+03 5.409168639469665862e+00
5.660000000000000000e+03 5.417616001678076110e+00
5.661000000000000000e+03 5.424211993098765561e+00
5.662000000000000000e+03 5.429583722631641685e+00
5.663000000000000000e+03 5.438828296348694913e+00
5.664000000000000000e+03 5.446253985582734991e+00
5.665000000000000000e+03 5.455764052501646866e+00
5.666000000000000000e+03 5.465141995863692870e+00
5.667000000000000000e+03 5.470383318106043724e+00
5.668000000000000000e+03 5.480467163437992006e+00
5.669000000000000000e+03 5.490079845018506433e+00
5.670000000000000000e+03 5.497298125433211169e+00
5.671000000000000000e+03 5.502607327051865838e+00
5.672000000000000000e+03 5.512927728779185799e+00
5.673000000000000000e+03 5.520372379166327725e+00
5.674000000000000000e+03 5.533200420896140059e+00
5.675000000000000000e+03 5.540579950440342571e+00
5.676000000000000000e+03 5.551601100706229808e+00
5.677000000000000000e+03 5.561234415699369826e+00
5.678000000000000000e+03 5.569167636855123504e+00
5.679000000000000000e+03 5.575938302962506476e+00
5.680000000000000000e+03 5.583276079290190097e+00
5.681000000000000000e+03 5.593812393577589859e+00
5.682000000000000000e+03 5.605543783960299287e+00
5.683000000000000000e+03 5.615483838135211236e+00
5.684000000000000000e+03 5.622129162369746247e+00
5.685000000000000000e+03 5.630818523923482921e+00
5.686000000000000000e+03 5.642340683835741721e+00
5.687000000000000000e+03 5.645344163840221974e+00
5.688000000000000000e+03 5.654664371400147438e+00
5.689000000000000000e+03 5.661875635041707433e+00
5.690000000000000000e+03 5.669759392521203090e+00
5.691000000000000000e+03 5.675143774017535669e+00
5.692000000000000000e+03 5.683450760230488008e+00
5.693000000000000000e+03 5.691154589997540647e+00
5.694000000000000000e+03 5.698898636216310543e+00
5.695000000000000000e+03 5.706156616581522734e+00
5.696000000000000000e+03 5.715509366033722394e+00
5.697000000000000000e+03 5.722334474379464631e+00
5.698000000000000000e+03 5.728695644200315407e+00
5.699000000000000000e+03 5.734042413754395717e+00
5.700000000000000000e+03 5.741890182912023910e+00
5.701000000000000000e+03 5.748481477182708410e+00
5.702000000000000000e+03 5.756161618536721924e+00
5.703000000000000000e+03 5.767915810247445485e+00
5.704000000000000000e+03 5.776235876911395728e+00
5.705000000000000000e+03 5.784207536874571787e+00
5.706000000000000000e+03 5.790652716890854812e+00
5.707000000000000000e+03 5.796645085161645561e+00
5.708000000000000000e+03 5.806884615075318834e+00
5.709000000000000000e+03 5.817913560340382872e+00
5.710000000000000000e+03 5.828817261010861728e+00
5.711000000000000000e+03 5.837310238614105806e+00
5.712000000000000000e+03 5.842828036078411280e+00
5.713000000000000000e+03 5.854737834779869310e+00
5.714000000000000000e+03 5.858898752301697321e+00
5.715000000000000000e+03 5.865593667600687233e+00
5.716000000000000000e+03 5.872370530564494651e+00
5.717000000000000000e+03 5.880845533694073701e+00
5.718000000000000000e+03 5.889717774892040403e+00
5.719000000000000000e+03 5.896467535439302132e+00
5.720000000000000000e+03 5.905561861734210716e+00
5.721000000000000000e+03 5.911268656950105616e+00
5.722000000000000000e+03 5.918232264052615044e+00
5.723000000000000000e+03 5.924545141010486127e+00
5.724000000000000000e+03 5.934223941694116711e+00
5.725000000000000000e+03 5.939924518050172964e+00
5.726000000000000000e+03 5.945335948691632844e+00
5.727000000000000000e+03 5.956127701778446415e+00
5.728000000000000000e+03 5.967305252316073449e+00
5.729000000000000000e+03 5.974843234239959777e+00
5.730000000000000000e+03 5.983206948730249053e+00
5.731000000000000000e+03 5.990264056448361352e+00
5.732000000000000000e+03 5.999791711044078824e+00
5.733000000000000000e+03 6.010610453056146163e+00
5.734000000000000000e+03 6.022380792957115148e+00
5.735000000000000000e+03 6.029277830465527011e+00
5.736000000000000000e+03 6.039580763797725460e+00
5.737000000000000000e+03 6.050600075041369763e+00
5.738000000000000000e+03 6.058233232156537973e+00
5.739000000000000000e+03 6.065341058903633176e+00
5.740000000000000000e+03 6.072691211573054915e+00
5.741000000000000000e+03 6.081341285450790224e+00
5.742000000000000000e+03 6.088598816483108855e+00
5.743000000000000000e+03 6.094341016351346063e+00
5.744000000000000000e+03 6.103073069161909281e+00
5.745000000000000000e+03 6.110019526339765861e+00
5.746000000000000000e+03 6.115150037069497557e+00
5.747000000000000000e+03 6.125739000896001762e+00
5.748000000000000000e+03 6.135355881654497523e+00
5.749000000000000000e+03 6.147047075272763728e+00
5.750000000000000000e+03 6.154384240137132700e+00
5.751000000000000000e+03 6.160349941427372578e+00
5.752000000000000000e+03 6.169835856703465460e+00
5.753000000000000000e+03 6.176313143176023424e+00
5.754000000000000000e+03 6.188118218362295586e+00
5.755000000000000000e+03 6.196218718741250520e+00
5.756000000000000000e+03 6.207492228486572117e+00
5.757000000000000000e+03 6.212903066193907087e+00
5.758000000000000000e+03 6.222965270588449727e+00
5.759000000000000000e+03 6.229986386510478980e+00
5.760000000000000000e+03 6.240328946834491575e+00
5.761000000000000000e+03 6.250003016783964860e+00
5.762000000000000000e+03 6.259120812615845075e+00
5.763000000000000000e+03 6.267318795070402793e+00
5.764000000000000000e+03 6.277164133809595370e+00
5.765000000000000000e+03 6.286858578921088458e+00
5.766000000000000000e+03 6.295834590538968989e+00
5.767000000000000000e+03 6.306000275834801272e+00
5.768000000000000000e+03 6.317172461013469409e+00
5.769000000000000000e+03 6.325438201246510239e+00
5.770000000000000000e+03 6.331632292191046396e+00
5.771000000000000000e+03 6.342179345302894511e+00
5.772000000000000000e+03 6.352249172143525691e+00
5.773000000000000000e+03 6.361887997254938476e+00
5.774000000000000000e+03 6.364144681364240164e+00
5.775000000000000000e+03 6.369878266316583826e+00
5.776000000000000000e+03 6.379176038500028234e+00
5.777000000000000000e+03 6.389733616192553534e+00
5.778000000000000000e+03 6.395406456665334360e+00
5.779000000000000000e+03 6.403407304737160466e+00
5.780000000000000000e+03 6.410614752523382975e+00
5.781000000000000000e+03 6.420089605872242089e+00
5.782000000000000000e+03 6.428203456533553073e+00
5.783000000000000000e+03 6.437749936787663607e+00
5.784000000000000000e+03 6.445593488238112734e+00
5.785000000000000000e+03 6.454625884185220208e+00
5.786000000000000000e+03 6.459930722179304752e+00
5.787000000000000000e+03 6.466850117473221360e+00
5.788000000000000000e+03 6.473134080786091538e+00
5.789000000000000000e+03 6.483904844931424272e+00
5.790000000000000000e+03 6.492685630673268982e+00
5.791000000000000000e+03 6.504316145822216733e+00
5.792000000000000000e+03 6.509213647338643050e+00
5.793000000000000000e+03 6.516141965596253804e+00
5.794000000000000000e+03 6.525220098536014035e+00
5.795000000000000000e+03 6.538456084732588103e+00
5.796000000000000000e+03 6.543274299839299424e+00
5.797000000000000000e+03 6.551875140497590344e+00
5.798000000000000000e+03 6.561649424420320287e+00
5.799000000000000000e+03 6.572190522713305505e+00
5.800000000000000000e+03 6.578744650900401503e+00
5.801000000000000000e+03 6.587005982343975496e+00
5.802000000000000000e+03 6.597491569495879560e+00
5.803000000000000000e+03 6.608882975853355823e+00
5.804000000000000000e+03 6.614988416198097632e+00
5.805000000000000000e+03 6.620048710557278504e+00
5.806000000000000000e+03 6.631448846480018311e+00
5.807000000000000000e+03 6.639566199158493554e+00
5.808000000000000000e+03 6.651817489698143682e+00
5.809000000000000000e+03 6.660778028283176333e+00
5.810000000000000000e+03 6.666933513657569144e+00
5.811000000000000000e+03 6.674662866227619951e+00
5.812000000000000000e+03 6.685936010021401366e+00
5.813000000000000000e+03 6.688342883649132098e+00
5.814000000000000000e+03 6.700311929439873637e+00
5.815000000000000000e+03 6.708014477218507743e+00
5.816000000000000000e+03 6.712779559869080259e+00
5.817000000000000000e+03 6.721898006538805426e+00
5.818000000000000000e+03 6.728377050968391337e+00
5.819000000000000000e+03 6.736426135157553396e+00
5.820000000000000000e+03 6.745434750045656180e+00
5.821000000000000000e+03 6.755550698359660267e+00
5.822000000000000000e+03 6.759451117454766234e+00
5.823000000000000000e+03 6.765712903641754927e+00
5.824000000000000000e+03 6.772872893536675321e+00
5.825000000000000000e+03 6.780369660748664984e+00
5.826000000000000000e+03 6.789159492210102620e+00
5.827000000000000000e+03 6.794415095826678019e+00
5.828000000000000000e+03 6.805610069594529854e+00
5.829000000000000000e+03 6.815878217844217879e+00
5.830000000000000000e+03 6.823406396667809126e+00
5.831000000000000000e+03 6.828893491262078896e+00
5.832000000000000000e+03 6.835931918081107561e+00
5.833000000000000000e+03 6.844418718515200339e+00
5.834000000000000000e+03 6.853316109616180540e+00
5.835000000000000000e+03 6.867014536947354308e+00
5.836000000000000000e+03 6.877383042771523236e+00
5.837000000000000000e+03 6.881230748633432093e+00
5.838000000000000000e+03 6.888711768348944275e+00
5.839000000000000000e+03 6.898503014588253990e+00
5.840000000000000000e+03 6.905611994777511420e+00
5.841000000000000000e+03 6.910432627943696282e+00
5.842000000000000000e+03 6.919136437634372250e+00
5.843000000000000000e+03 6.927362020477500160e+00
5.844000000000000000e+03 6.932401390747366499e+00
5.845000000000000000e+03 6.941062277566321548e+00
5.846000000000000000e+03 6.947099239810277993e+00
5.847000000000000000e+03 6.953415644262940454e+00
5.848000000000000000e+03 6.963651102386830161e+00
5.849000000000000000e+03 6.969419504847760294e+00
5.850000000000000000e+03 6.980315080467828004e+00
5.851000000000000000e+03 6.986494271626381369e+00
5.852000000000000000e+03 6.994420683304329422e+00
5.853000000000000000e+03 7.002428596788418780e+00
5.854000000000000000e+03 7.016408630769468857e+00
5.855000000000000000e+03 7.023543239146488482e+00
5.856000000000000000e+03 7.029271850169030778e+00
5.857000000000000000e+03 7.036070063393552232e+00
5.858000000000000000e+03 7.048015366341750187e+00
5.859000000000000000e+03 7.056497645653156070e+00
5.860000000000000000e+03 7.071073350286799730e+00
5.861000000000000000e+03 7.073703850408580074e+00
5.862000000000000000e+03 7.086997031586492746e+00
5.863000000000000000e+03 7.099978064216839080e+00
5.864000000000000000e+03 7.106061996802751857e+00
5.865000000000000000e+03 7.111427712454964301e+00
5.866000000000000000e+03 7.118111809022365399e+00
5.867000000000000000e+03 7.128645460896592567e+00
5.868000000000000000e+03 7.132652235233794435e+00
5.869000000000000000e+03 7.141979176996689382e+00
5.870000000000000000e+03 7.149764656803431429e+00
5.871000000000000000e+03 7.156932523920816358e+00
5.872000000000000000e+03 7.160782306210232484e+00
5.873000000000000000e+03 7.170927241127931673e+00
5.874000000000000000e+03 7.182023023502278392e+00
5.875000000000000000e+03 7.195949454848957316e+00
5.876000000000000000e+03 7.200673348265270057e+00
5.877000000000000000e+03 7.210863653066024170e+00
5.878000000000000000e+03 7.215025979964462266e+00
5.879000000000000000e+03 7.222881626344556771e+00
5.880000000000000000e+03 7.234612496751836375e+00
5.881000000000000000e+03 7.244810847853917046e+00
5.882000000000000000e+03 7.252704862398890562e+00
5.883000000000000000e+03 7.259348111363997269e+00
5.884000000000000000e+03 7.266288701736638878e+00
5.885000000000000000e+03 7.276456779614314918e+00
5.886000000000000000e+03 7.287438071273496298e+00
5.887000000000000000e+03 7.296500069919903630e+00
5.888000000000000000e+03 7.305807241035650712e+00
5.889000000000000000e+03 7.313667168817016950e+00
5.890000000000000000e+03 7.323134031452116943e+00
5.891000000000000000e+03 7.331865787795624811e+00
5.892000000000000000e+03 7.341065097014397800e+00
5.893000000000000000e+03 7.351793208119354439e+00
5.894000000000000000e+03 7.363528801154281211e+00
5.895000000000000000e+03 7.370676048755935739e+00
5.896000000000000000e+03 7.379349446253268496e+00
5.897000000000000000e+03 7.386989486963010165e+00
5.898000000000000000e+03 7.397051910233627403e+00
5.899000000000000000e+03 7.403766656399644042e+00
5.900000000000000000e+03 7.409439522350062646e+00
5.901000000000000000e+03 7.416581944255444370e+00
5.902000000000000000e+03 7.425532318420965616e+00
5.903000000000000000e+03 7.432053169338505683e+00
5.904000000000000000e+03 7.440903542616474908e+00
5.905000000000000000e+03 7.448161665424841260e+00
5.906000000000000000e+03 7.456171999284555874e+00
5.907000000000000000e+03 7.464115955790529000e+00
5.908000000000000000e+03 7.470740075681739256e+00
5.909000000000000000e+03 7.483438177983113171e+00
5.910000000000000000e+03 7.489077089190409708e+00
5.911000000000000000e+03 7.498106538996085924e+00
5.912000000000000000e+03 7.503746302546190350e+00
5.913000000000000000e+03 7.507804147967000574e+00
5.914000000000000000e+03 7.516726032342776698e+00
5.915000000000000000e+03 7.526126892840275140e+00
5.916000000000000000e+03 7.536893750800458314e+00
5.917000000000000000e+03 7.548106572811867032e+00
5.918000000000000000e+03 7.551820312620439957e+00
5.919000000000000000e+03 7.559419680597131652e+00
5.920000000000000000e+03 7.570639038780782037e+00
5.921000000000000000e+03 7.578973504942556616e+00
5.922000000000000000e+03 7.587648085991975044e+00
5.923000000000000000e+03 7.596395735749349676e+00
5.924000000000000000e+03 7.606602467836284909e+00
5.925000000000000000e+03 7.617519695974508842e+00
5.926000000000000000e+03 7.622829577382868926e+00
5.927000000000000000e+03 7.635459844314772759e+00
5.928000000000000000e+03 7.645447476820724120e+00
5.929000000000000000e+03 7.655332349905770606e+00
5.930000000000000000e+03 7.662046981422400371e+00
5.931000000000000000e+03 7.667278601316952269e+00
5.932000000000000000e+03 7.677226884768960424e+00
5.933000000000000000e+03 7.688809071154611097e+00
5.934000000000000000e+03 7.700093721576215522e+00
5.935000000000000000e+03 7.710706751348038068e+00
5.936000000000000000e+03 7.714377200017210612e+00
5.937000000000000000e+03 7.725327722796108354e+00
5.938000000000000000e+03 7.732010929962324752e+00
5.939000000000000000e+03 7.739136576001109269e+00
5.940000000000000000e+03 7.746595094329888020e+00
5.941000000000000000e+03 7.755553544906670815e+00
5.942000000000000000e+03 7.761667784301166328e+00
5.943000000000000000e+03 7.771263688857005469e+00
5.944000000000000000e+03 7.778417190060735287e+00
5.945000000000000000e+03 7.784332443311421379e+00
5.946000000000000000e+03 7.792942318108565303e+00
5.947000000000000000e+03 7.801083764526140385e+00
5.948000000000000000e+03 7.805698832527531827e+00
5.949000000000000000e+03 7.811793051130784704e+00
5.950000000000000000e+03 7.818773425993374993e+00
5.951000000000000000e+03 7.826406151146763079e+00
5.952000000000000000e+03 7.832683717256325728e+00
5.953000000000000000e+03 7.840610541208771878e+00
5.954000000000000000e+03 7.853086622107290360e+00
5.955000000000000000e+03 7.859112147207898857e+00
5.956000000000000000e+03 7.869230295863380853e+00
5.957000000000000000e+03 7.874792006353067642e+00
5.958000000000000000e+03 7.880254689895823894e+00
5.959000000000000000e+03 7.886629328122626958e+00
5.960000000000000000e+03 7.897601893690768371e+00
5.961000000000000000e+03 7.907337554672231761e+00
5.962000000000000000e+03 7.918129549796603328e+00
5.963000000000000000e+03 7.922155067568920295e+00
5.964000000000000000e+03 7.928627008369783624e+00
5.965000000000000000e+03 7.937855728047504833e+00
5.966000000000000000e+03 7.946765813960694480e+00
5.967000000000000000e+03 7.951246444572444005e+00
5.968000000000000000e+03 7.959541440082446684e+00
5.969000000000000000e+03 7.964484377492176748e+00
5.970000000000000000e+03 7.969806804321142302e+00
5.971000000000000000e+03 7.981260281153429226e+00
5.972000000000000000e+03 7.986090477698485124e+00
5.973000000000000000e+03 7.992487566356738959e+00
5.974000000000000000e+03 8.002896683536013356e+00
5.975000000000000000e+03 8.009356393912520744e+00
5.976000000000000000e+03 8.015655170155790543e+00
5.977000000000000000e+03 8.022674186488830017e+00
5.978000000000000000e+03 8.034066483405554848e+00
5.979000000000000000e+03 8.044179780887125375e+00
5.980000000000000000e+03 8.052564197116426570e+00
5.981000000000000000e+03 8.060151536173723485e+00
5.982000000000000000e+03 8.067722664504758612e+00
5.983000000000000000e+03 8.075206896718809091e+00
5.984000000000000000e+03 8.087825164841243364e+00
5.985000000000000000e+03 8.096473073119748065e+00
5.986000000000000000e+03 8.104815586740926392e+00
5.987000000000000000e+03 8.113992314665841477e+00
5.988000000000000000e+03 8.125866897481097695e+00
5.989000000000000000e+03 8.135005690360983976e+00
5.990000000000000000e+03 8.141245804342556625e+00
5.991000000000000000e+03 8.149921448504331423e+00
5.992000000000000000e+03 8.156190375378434609e+00
5.993000000000000000e+03 8.163360588754677849e+00
5.994000000000000000e+03 8.169713130920820632e+00
5.995000000000000000e+03 8.177923712067407536e+00
5.996000000000000000e+03 8.186243002821472103e+00
5.997000000000000000e+03 8.191472411951874477e+00
5.998000000000000000e+03 8.199935855182213018e+00
5.999000000000000000e+03 8.208164173397213048e+00
