# time(ps)	msd(nm^2)	#D_bar=1.0533066844208488e-09,D_std=1.2777071866196835e-10
5.000000000000000000e+03 0.000000000000000000e+00
5.001000000000000000e+03 1.020913464350864212e-02
5.002000000000000000e+03 1.521910874217531802e-02
5.003000000000000000e+03 2.031224326599053234e-02
5.004000000000000000e+03 2.510893655900272789e-02
5.005000000000000000e+03 2.952884320993662270e-02
5.006000000000000000e+03 3.424566647623929899e-02
5.007000000000000000e+03 3.905135764511202812e-02
5.008000000000000000e+03 4.366816232137590154e-02
5.009000000000000000e+03 4.786382031434541912e-02
5.010000000000000000e+03 5.201503400800136512e-02
5.011000000000000000e+03 5.677686746184825578e-02
5.012000000000000000e+03 6.107445957520177271e-02
5.013000000000000000e+03 6.537380640860161740e-02
5.014000000000000000e+03 6.933026654048130011e-02
5.015000000000000000e+03 7.429029237815529263e-02
5.016000000000000000e+03 7.835553464240865851e-02
5.017000000000000000e+03 8.317883824107558111e-02
5.018000000000000000e+03 8.735590779366643466e-02
5.019000000000000000e+03 9.200359929666336589e-02
5.020000000000000000e+03 9.563158269921318011e-02
5.021000000000000000e+03 1.000829980024914301e-01
5.022000000000000000e+03 1.043119440058309366e-01
5.023000000000000000e+03 1.077005784660732407e-01
5.024000000000000000e+03 1.121327925167846379e-01
5.025000000000000000e+03 1.159274617242912614e-01
5.026000000000000000e+03 1.203396502932532058e-01
5.027000000000000000e+03 1.239261319116144872e-01
5.028000000000000000e+03 1.294662826931489430e-01
5.029000000000000000e+03 1.329937484405494530e-01
5.030000000000000000e+03 1.371488238173234897e-01
5.031000000000000000e+03 1.406472725629311360e-01
5.032000000000000000e+03 1.450659351525896423e-01
5.033000000000000000e+03 1.496816494754541482e-01
5.034000000000000000e+03 1.537281501330318711e-01
5.035000000000000000e+03 1.579847545638632667e-01
5.036000000000000000e+03 1.625073395847407565e-01
5.037000000000000000e+03 1.663510887453241438e-01
5.038000000000000000e+03 1.701725844375069352e-01
5.039000000000000000e+03 1.741212341829995458e-01
5.040000000000000000e+03 1.785366262385653380e-01
5.041000000000000000e+03 1.839269302622921487e-01
5.042000000000000000e+03 1.877593449157346772e-01
5.043000000000000000e+03 1.917845941345021066e-01
5.044000000000000000e+03 1.971384730201643787e-01
5.045000000000000000e+03 2.003562423484718524e-01
5.046000000000000000e+03 2.032084441816324472e-01
5.047000000000000000e+03 2.079051540214820193e-01
5.048000000000000000e+03 2.122633426545935953e-01
5.049000000000000000e+03 2.173155128708262052e-01
5.050000000000000000e+03 2.211431312536277505e-01
5.051000000000000000e+03 2.261381192618317215e-01
5.052000000000000000e+03 2.303280137781043013e-01
5.053000000000000000e+03 2.348114391972589976e-01
5.054000000000000000e+03 2.402237782163907376e-01
5.055000000000000000e+03 2.436562891070840342e-01
5.056000000000000000e+03 2.486421321968423914e-01
5.057000000000000000e+03 2.526168108357819686e-01
5.058000000000000000e+03 2.564923801030944417e-01
5.059000000000000000e+03 2.607241550524287410e-01
5.060000000000000000e+03 2.657788723614356585e-01
5.061000000000000000e+03 2.700536195053365729e-01
5.062000000000000000e+03 2.739155809951100973e-01
5.063000000000000000e+03 2.780146540944324340e-01
5.064000000000000000e+03 2.820477784608383387e-01
5.065000000000000000e+03 2.860583732618349750e-01
5.066000000000000000e+03 2.911525204050454119e-01
5.067000000000000000e+03 2.970806184463658517e-01
5.068000000000000000e+03 3.004495449217185477e-01
5.069000000000000000e+03 3.053905900455586298e-01
5.070000000000000000e+03 3.108832664393190170e-01
5.071000000000000000e+03 3.159137870478109789e-01
5.072000000000000000e+03 3.189959890622091621e-01
5.073000000000000000e+03 3.235838886733367614e-01
5.074000000000000000e+03 3.278004776837298850e-01
5.075000000000000000e+03 3.325585747681178983e-01
5.076000000000000000e+03 3.359185123307434906e-01
5.077000000000000000e+03 3.395902966908330156e-01
5.078000000000000000e+03 3.445233538329042777e-01
5.079000000000000000e+03 3.496330417886084896e-01
5.080000000000000000e+03 3.542769781835105047e-01
5.081000000000000000e+03 3.582740534998298254e-01
5.082000000000000000e+03 3.639678973027601905e-01
5.083000000000000000e+03 3.686192987925786535e-01
5.084000000000000000e+03 3.728123767415558731e-01
5.085000000000000000e+03 3.783612339172284789e-01
5.086000000000000000e+03 3.814356119090520081e-01
5.087000000000000000e+03 3.866708101637019168e-01
5.088000000000000000e+03 3.901447101669272555e-01
5.089000000000000000e+03 3.925711120771842033e-01
5.090000000000000000e+03 3.964041693683477141e-01
5.091000000000000000e+03 3.997408545277199576e-01
5.092000000000000000e+03 4.045851908987804779e-01
5.093000000000000000e+03 4.088857672172419022e-01
5.094000000000000000e+03 4.134768183852776668e-01
5.095000000000000000e+03 4.182444883284170412e-01
5.096000000000000000e+03 4.210541620308984601e-01
5.097000000000000000e+03 4.251406131503741026e-01
5.098000000000000000e+03 4.290543491966626877e-01
5.099000000000000000e+03 4.333083320753348122e-01
5.100000000000000000e+03 4.366970316643284389e-01
5.101000000000000000e+03 4.401680538092321293e-01
5.102000000000000000e+03 4.443962816013600214e-01
5.103000000000000000e+03 4.480219854744054708e-01
5.104000000000000000e+03 4.530964637966297670e-01
5.105000000000000000e+03 4.580672731156911204e-01
5.106000000000000000e+03 4.628726887678187296e-01
5.107000000000000000e+03 4.677891065893640121e-01
5.108000000000000000e+03 4.719426538466416354e-01
5.109000000000000000e+03 4.768813167653229712e-01
5.110000000000000000e+03 4.813460240978070792e-01
5.111000000000000000e+03 4.863671734078032216e-01
5.112000000000000000e+03 4.897930354715507861e-01
5.113000000000000000e+03 4.946249363825947487e-01
5.114000000000000000e+03 4.991920992097625409e-01
5.115000000000000000e+03 5.034749940548359781e-01
5.116000000000000000e+03 5.070612729524153206e-01
5.117000000000000000e+03 5.115701801927909909e-01
5.118000000000000000e+03 5.156657848650298970e-01
5.119000000000000000e+03 5.194305922383457563e-01
5.120000000000000000e+03 5.230903710903042070e-01
5.121000000000000000e+03 5.269802035696159459e-01
5.122000000000000000e+03 5.311800477289341238e-01
5.123000000000000000e+03 5.339505377216872128e-01
5.124000000000000000e+03 5.389315480383756185e-01
5.125000000000000000e+03 5.425604576881304375e-01
5.126000000000000000e+03 5.456769740593888640e-01
5.127000000000000000e+03 5.493141002991738242e-01
5.128000000000000000e+03 5.536209450084965678e-01
5.129000000000000000e+03 5.586618352159166134e-01
5.130000000000000000e+03 5.627449820841335937e-01
5.131000000000000000e+03 5.663654821560265562e-01
5.132000000000000000e+03 5.708675988614249075e-01
5.133000000000000000e+03 5.748652928467233858e-01
5.134000000000000000e+03 5.793405798489186243e-01
5.135000000000000000e+03 5.824060138636040218e-01
5.136000000000000000e+03 5.865586767686861158e-01
5.137000000000000000e+03 5.896468051745019645e-01
5.138000000000000000e+03 5.955648947108695968e-01
5.139000000000000000e+03 5.997063349216772421e-01
5.140000000000000000e+03 6.048792710185423305e-01
5.141000000000000000e+03 6.104780753082209577e-01
5.142000000000000000e+03 6.138838212066719535e-01
5.143000000000000000e+03 6.192824902440404733e-01
5.144000000000000000e+03 6.224271424215283011e-01
5.145000000000000000e+03 6.260145273164052782e-01
5.146000000000000000e+03 6.302334237940458994e-01
5.147000000000000000e+03 6.343434256185254139e-01
5.148000000000000000e+03 6.394550053872796180e-01
5.149000000000000000e+03 6.430719743636539310e-01
5.150000000000000000e+03 6.474113404317561882e-01
5.151000000000000000e+03 6.512289461936037194e-01
5.152000000000000000e+03 6.556011922386703050e-01
5.153000000000000000e+03 6.591664390524353268e-01
5.154000000000000000e+03 6.636116520142876229e-01
5.155000000000000000e+03 6.669382563137435938e-01
5.156000000000000000e+03 6.709820740814644857e-01
5.157000000000000000e+03 6.744402440289962719e-01
5.158000000000000000e+03 6.798920051454878655e-01
5.159000000000000000e+03 6.842234013360360967e-01
5.160000000000000000e+03 6.883360964486900935e-01
5.161000000000000000e+03 6.936638047019273445e-01
5.162000000000000000e+03 6.976263877139777803e-01
5.163000000000000000e+03 7.005244447682380526e-01
5.164000000000000000e+03 7.034586795517716595e-01
5.165000000000000000e+03 7.068764886133153125e-01
5.166000000000000000e+03 7.113098781304439955e-01
5.167000000000000000e+03 7.161179759915871079e-01
5.168000000000000000e+03 7.191854814378891847e-01
5.169000000000000000e+03 7.234854665995880119e-01
5.170000000000000000e+03 7.279703159074794039e-01
5.171000000000000000e+03 7.327636163430301108e-01
5.172000000000000000e+03 7.359935242067621175e-01
5.173000000000000000e+03 7.404510825098734594e-01
5.174000000000000000e+03 7.441988942036377175e-01
5.175000000000000000e+03 7.500313600894696897e-01
5.176000000000000000e+03 7.530861082849477084e-01
5.177000000000000000e+03 7.582749914405009228e-01
5.178000000000000000e+03 7.621590678936972507e-01
5.179000000000000000e+03 7.654955475006025578e-01
5.180000000000000000e+03 7.714286001548091853e-01
5.181000000000000000e+03 7.739438026493580258e-01
5.182000000000000000e+03 7.793258053491421977e-01
5.183000000000000000e+03 7.827765207548131876e-01
5.184000000000000000e+03 7.858306680760529517e-01
5.185000000000000000e+03 7.906346415185977472e-01
5.186000000000000000e+03 7.952123880386353649e-01
5.187000000000000000e+03 7.985782726036303458e-01
5.188000000000000000e+03 8.027127794263758664e-01
5.189000000000000000e+03 8.080706994976706303e-01
5.190000000000000000e+03 8.114245714056899095e-01
5.191000000000000000e+03 8.149993937087328666e-01
5.192000000000000000e+03 8.218974281075336341e-01
5.193000000000000000e+03 8.282272636209571104e-01
5.194000000000000000e+03 8.343018726643992578e-01
5.195000000000000000e+03 8.390199874420405379e-01
5.196000000000000000e+03 8.448255641438141561e-01
5.197000000000000000e+03 8.480298808801953747e-01
5.198000000000000000e+03 8.542553812791506829e-01
5.199000000000000000e+03 8.571179725175582798e-01
5.200000000000000000e+03 8.618158609572476037e-01
5.201000000000000000e+03 8.662411857121710135e-01
5.202000000000000000e+03 8.694552535951317607e-01
5.203000000000000000e+03 8.739395607050083337e-01
5.204000000000000000e+03 8.788358921326330231e-01
5.205000000000000000e+03 8.837524079335686844e-01
5.206000000000000000e+03 8.883494349159803960e-01
5.207000000000000000e+03 8.937401109271586597e-01
5.208000000000000000e+03 8.981909624388909608e-01
5.209000000000000000e+03 9.017286753728761539e-01
5.210000000000000000e+03 9.072478169097580869e-01
5.211000000000000000e+03 9.110200449685068591e-01
5.212000000000000000e+03 9.159135528814007499e-01
5.213000000000000000e+03 9.195743024287312828e-01
5.214000000000000000e+03 9.241157261382008103e-01
5.215000000000000000e+03 9.260077376231966584e-01
5.216000000000000000e+03 9.301742460126075640e-01
5.217000000000000000e+03 9.348230288902673601e-01
5.218000000000000000e+03 9.380217997332103153e-01
5.219000000000000000e+03 9.437287022144006388e-01
5.220000000000000000e+03 9.469442388597930638e-01
5.221000000000000000e+03 9.509921598781057028e-01
5.222000000000000000e+03 9.544530879176170712e-01
5.223000000000000000e+03 9.576114188349755807e-01
5.224000000000000000e+03 9.639185980225408734e-01
5.225000000000000000e+03 9.684604335796792585e-01
5.226000000000000000e+03 9.702869869095515076e-01
5.227000000000000000e+03 9.744264932188783090e-01
5.228000000000000000e+03 9.789379252080231408e-01
5.229000000000000000e+03 9.830638603505562623e-01
5.230000000000000000e+03 9.881118336694386661e-01
5.231000000000000000e+03 9.916591976042967715e-01
5.232000000000000000e+03 9.953405703587204778e-01
5.233000000000000000e+03 1.000165290302700738e+00
5.234000000000000000e+03 1.005107094318077321e+00
5.235000000000000000e+03 1.010489337417071809e+00
5.236000000000000000e+03 1.015968263211156186e+00
5.237000000000000000e+03 1.021240850103978692e+00
5.238000000000000000e+03 1.026147411124605391e+00
5.239000000000000000e+03 1.029989389739427885e+00
5.240000000000000000e+03 1.035783882329273098e+00
5.241000000000000000e+03 1.040419121645197453e+00
5.242000000000000000e+03 1.043109645972246868e+00
5.243000000000000000e+03 1.047570006745874638e+00
5.244000000000000000e+03 1.049749061944947881e+00
5.245000000000000000e+03 1.054328876121021663e+00
5.246000000000000000e+03 1.056902294713512935e+00
5.247000000000000000e+03 1.060959138726643269e+00
5.248000000000000000e+03 1.065975969825578629e+00
5.249000000000000000e+03 1.069808381368808847e+00
5.250000000000000000e+03 1.072256124527159793e+00
5.251000000000000000e+03 1.076314503653894361e+00
5.252000000000000000e+03 1.080379147767277725e+00
5.253000000000000000e+03 1.083855207587823388e+00
5.254000000000000000e+03 1.089437921099202233e+00
5.255000000000000000e+03 1.093030298362763331e+00
5.256000000000000000e+03 1.096474059026684600e+00
5.257000000000000000e+03 1.099686577684040323e+00
5.258000000000000000e+03 1.104356516806383803e+00
5.259000000000000000e+03 1.108787375942321907e+00
5.260000000000000000e+03 1.111186370299984683e+00
5.261000000000000000e+03 1.115171566435356754e+00
5.262000000000000000e+03 1.118803179524026747e+00
5.263000000000000000e+03 1.123710584170103388e+00
5.264000000000000000e+03 1.128717869365449600e+00
5.265000000000000000e+03 1.132709538206256861e+00
5.266000000000000000e+03 1.140178963897879205e+00
5.267000000000000000e+03 1.144025394106951365e+00
5.268000000000000000e+03 1.148126995823465224e+00
5.269000000000000000e+03 1.150551649268914067e+00
5.270000000000000000e+03 1.154164185900306672e+00
5.271000000000000000e+03 1.157178561883056345e+00
5.272000000000000000e+03 1.161106642532942823e+00
5.273000000000000000e+03 1.165694721638847131e+00
5.274000000000000000e+03 1.170270758749664131e+00
5.275000000000000000e+03 1.174460249155110603e+00
5.276000000000000000e+03 1.177995430841376479e+00
5.277000000000000000e+03 1.182186154190253857e+00
5.278000000000000000e+03 1.185877071857947884e+00
5.279000000000000000e+03 1.189308470035763454e+00
5.280000000000000000e+03 1.193305386437310878e+00
5.281000000000000000e+03 1.197554759271171720e+00
5.282000000000000000e+03 1.200366949861789490e+00
5.283000000000000000e+03 1.206267756465067897e+00
5.284000000000000000e+03 1.211124387980745398e+00
5.285000000000000000e+03 1.215460821846934936e+00
5.286000000000000000e+03 1.218730606146442019e+00
5.287000000000000000e+03 1.222512594635985383e+00
5.288000000000000000e+03 1.227596383476059927e+00
5.289000000000000000e+03 1.229648843980156725e+00
5.290000000000000000e+03 1.233735078715585187e+00
5.291000000000000000e+03 1.237644594653992236e+00
5.292000000000000000e+03 1.242791834897589709e+00
5.293000000000000000e+03 1.246255561074982587e+00
5.294000000000000000e+03 1.250458086019736070e+00
5.295000000000000000e+03 1.255808073288430915e+00
5.296000000000000000e+03 1.260176648232053553e+00
5.297000000000000000e+03 1.264005258199705217e+00
5.298000000000000000e+03 1.267817289782214418e+00
5.299000000000000000e+03 1.272068298741912296e+00
5.300000000000000000e+03 1.276730981076123372e+00
5.301000000000000000e+03 1.281644092541988522e+00
5.302000000000000000e+03 1.285023561519254454e+00
5.303000000000000000e+03 1.289105435893294738e+00
5.304000000000000000e+03 1.293073268818087707e+00
5.305000000000000000e+03 1.297399369727042062e+00
5.306000000000000000e+03 1.301628457918098336e+00
5.307000000000000000e+03 1.305154864538000226e+00
5.308000000000000000e+03 1.311922321190838847e+00
5.309000000000000000e+03 1.313314673066262595e+00
5.310000000000000000e+03 1.318386176664881670e+00
5.311000000000000000e+03 1.324091527816043445e+00
5.312000000000000000e+03 1.327208578153314500e+00
5.313000000000000000e+03 1.330885634367834136e+00
5.314000000000000000e+03 1.334878115391558095e+00
5.315000000000000000e+03 1.340105921803728117e+00
5.316000000000000000e+03 1.343645511757918465e+00
5.317000000000000000e+03 1.348521140258013062e+00
5.318000000000000000e+03 1.355697029228646322e+00
5.319000000000000000e+03 1.362060917748345590e+00
5.320000000000000000e+03 1.365880956530942880e+00
5.321000000000000000e+03 1.371300678758235136e+00
5.322000000000000000e+03 1.376493400502428521e+00
5.323000000000000000e+03 1.380520378936735959e+00
5.324000000000000000e+03 1.385203923515565316e+00
5.325000000000000000e+03 1.389708342458105150e+00
5.326000000000000000e+03 1.395019382702597843e+00
5.327000000000000000e+03 1.398302290422275718e+00
5.328000000000000000e+03 1.401207194273840662e+00
5.329000000000000000e+03 1.407527531666423082e+00
5.330000000000000000e+03 1.410785102646173961e+00
5.331000000000000000e+03 1.417665094848980845e+00
5.332000000000000000e+03 1.423054622093587795e+00
5.333000000000000000e+03 1.425764195272855472e+00
5.334000000000000000e+03 1.432102138503441813e+00
5.335000000000000000e+03 1.434708154585254691e+00
5.336000000000000000e+03 1.440700986303644848e+00
5.337000000000000000e+03 1.444207615817694856e+00
5.338000000000000000e+03 1.447870677876694989e+00
5.339000000000000000e+03 1.453990311142316250e+00
5.340000000000000000e+03 1.457884714982220276e+00
5.341000000000000000e+03 1.460536617356297251e+00
5.342000000000000000e+03 1.463143695552030055e+00
5.343000000000000000e+03 1.468478312992479218e+00
5.344000000000000000e+03 1.472102553921201151e+00
5.345000000000000000e+03 1.477951060698163621e+00
5.346000000000000000e+03 1.483175575299921833e+00
5.347000000000000000e+03 1.485807171986976982e+00
5.348000000000000000e+03 1.489259204389151270e+00
5.349000000000000000e+03 1.491484567259949268e+00
5.350000000000000000e+03 1.498385353375570439e+00
5.351000000000000000e+03 1.501661874299727417e+00
5.352000000000000000e+03 1.505188500027047738e+00
5.353000000000000000e+03 1.507256457119840354e+00
5.354000000000000000e+03 1.513210921025103906e+00
5.355000000000000000e+03 1.518007479724112541e+00
5.356000000000000000e+03 1.522493409961926503e+00
5.357000000000000000e+03 1.525700381735527911e+00
5.358000000000000000e+03 1.530409040975917234e+00
5.359000000000000000e+03 1.533752880363820958e+00
5.360000000000000000e+03 1.539431176576783189e+00
5.361000000000000000e+03 1.544806819838527190e+00
5.362000000000000000e+03 1.550394220144206026e+00
5.363000000000000000e+03 1.553937951599944078e+00
5.364000000000000000e+03 1.558797458498154098e+00
5.365000000000000000e+03 1.563938617211140469e+00
5.366000000000000000e+03 1.569410981171352804e+00
5.367000000000000000e+03 1.575834232946299096e+00
5.368000000000000000e+03 1.578277505446816775e+00
5.369000000000000000e+03 1.581793596935173296e+00
5.370000000000000000e+03 1.585094064938316505e+00
5.371000000000000000e+03 1.590302445064081027e+00
5.372000000000000000e+03 1.593140307987961135e+00
5.373000000000000000e+03 1.596630592088709610e+00
5.374000000000000000e+03 1.599808512694615770e+00
5.375000000000000000e+03 1.603934183546563252e+00
5.376000000000000000e+03 1.608066046101778168e+00
5.377000000000000000e+03 1.611806184208157688e+00
5.378000000000000000e+03 1.615517478370468218e+00
5.379000000000000000e+03 1.619940715663033659e+00
5.380000000000000000e+03 1.625188146919971821e+00
5.381000000000000000e+03 1.627875998507903432e+00
5.382000000000000000e+03 1.633016922515994951e+00
5.383000000000000000e+03 1.635763627841589463e+00
5.384000000000000000e+03 1.639800179908332156e+00
5.385000000000000000e+03 1.643771385973240129e+00
5.386000000000000000e+03 1.647170390171672549e+00
5.387000000000000000e+03 1.650336740915648859e+00
5.388000000000000000e+03 1.653921140688601632e+00
5.389000000000000000e+03 1.660086020502346216e+00
5.390000000000000000e+03 1.664557897413259324e+00
5.391000000000000000e+03 1.668672536144868879e+00
5.392000000000000000e+03 1.675910121802848707e+00
5.393000000000000000e+03 1.679447254783021037e+00
5.394000000000000000e+03 1.683376697488786045e+00
5.395000000000000000e+03 1.685625403593387084e+00
5.396000000000000000e+03 1.690422755287938728e+00
5.397000000000000000e+03 1.692321708269209024e+00
5.398000000000000000e+03 1.697646096488025336e+00
5.399000000000000000e+03 1.701623921825136776e+00
5.400000000000000000e+03 1.706316380981097280e+00
5.401000000000000000e+03 1.710039376964944902e+00
5.402000000000000000e+03 1.713110021341626599e+00
5.403000000000000000e+03 1.718842250164425600e+00
5.404000000000000000e+03 1.721423591532563968e+00
5.405000000000000000e+03 1.724614618723267823e+00
5.406000000000000000e+03 1.729199688258820755e+00
5.407000000000000000e+03 1.731721254400250487e+00
5.408000000000000000e+03 1.735033998855796566e+00
5.409000000000000000e+03 1.739045120597753069e+00
5.410000000000000000e+03 1.744287582448957652e+00
5.411000000000000000e+03 1.746901666635293893e+00
5.412000000000000000e+03 1.751061306811815266e+00
5.413000000000000000e+03 1.755099317366461520e+00
5.414000000000000000e+03 1.758589824535889301e+00
5.415000000000000000e+03 1.761707642120487805e+00
5.416000000000000000e+03 1.765914318841317554e+00
5.417000000000000000e+03 1.769557220047013546e+00
5.418000000000000000e+03 1.775854473916169018e+00
5.419000000000000000e+03 1.778382686563493076e+00
5.420000000000000000e+03 1.782004542811264747e+00
5.421000000000000000e+03 1.787656187639801386e+00
5.422000000000000000e+03 1.793525194700881231e+00
5.423000000000000000e+03 1.795932800227607373e+00
5.424000000000000000e+03 1.800486743140691237e+00
5.425000000000000000e+03 1.804630190660154065e+00
5.426000000000000000e+03 1.811338300893115871e+00
5.427000000000000000e+03 1.813731084112562231e+00
5.428000000000000000e+03 1.817875414993905592e+00
5.429000000000000000e+03 1.819709871664473511e+00
5.430000000000000000e+03 1.823728102885054492e+00
5.431000000000000000e+03 1.829851683302708976e+00
5.432000000000000000e+03 1.831658914205564592e+00
5.433000000000000000e+03 1.836068677258515747e+00
5.434000000000000000e+03 1.842072527480398181e+00
5.435000000000000000e+03 1.842978661429226728e+00
5.436000000000000000e+03 1.847285331842931200e+00
5.437000000000000000e+03 1.853160638551721640e+00
5.438000000000000000e+03 1.855089919218021466e+00
5.439000000000000000e+03 1.859784697446496438e+00
5.440000000000000000e+03 1.863990765370560077e+00
5.441000000000000000e+03 1.868344194297354655e+00
5.442000000000000000e+03 1.872695856252811097e+00
5.443000000000000000e+03 1.877430667015620891e+00
5.444000000000000000e+03 1.885351676435857327e+00
5.445000000000000000e+03 1.890951487876914916e+00
5.446000000000000000e+03 1.896818939399125270e+00
5.447000000000000000e+03 1.901034211320174139e+00
5.448000000000000000e+03 1.906786654225762545e+00
5.449000000000000000e+03 1.910328076512148199e+00
5.450000000000000000e+03 1.914829245485123677e+00
5.451000000000000000e+03 1.919364866809308623e+00
5.452000000000000000e+03 1.925255072822452229e+00
5.453000000000000000e+03 1.928001923229339498e+00
5.454000000000000000e+03 1.931369324215723715e+00
5.455000000000000000e+03 1.936367797703014704e+00
5.456000000000000000e+03 1.941397005152479815e+00
5.457000000000000000e+03 1.948057153143245124e+00
5.458000000000000000e+03 1.951271902611199982e+00
5.459000000000000000e+03 1.955778353187030971e+00
5.460000000000000000e+03 1.961008350178213400e+00
5.461000000000000000e+03 1.965376300851380487e+00
5.462000000000000000e+03 1.971240113209836053e+00
5.463000000000000000e+03 1.974634608004323555e+00
5.464000000000000000e+03 1.978842875667819579e+00
5.465000000000000000e+03 1.985637952729302436e+00
5.466000000000000000e+03 1.986886305477266079e+00
5.467000000000000000e+03 1.991839906508305669e+00
5.468000000000000000e+03 1.996954496280674896e+00
5.469000000000000000e+03 2.000651596986370073e+00
5.470000000000000000e+03 2.006097654687281295e+00
5.471000000000000000e+03 2.010012217399859580e+00
5.472000000000000000e+03 2.015081734672142577e+00
5.473000000000000000e+03 2.018431445396081880e+00
5.474000000000000000e+03 2.021340551158473442e+00
5.475000000000000000e+03 2.024615067187871542e+00
5.476000000000000000e+03 2.030997443421980186e+00
5.477000000000000000e+03 2.034188881098667245e+00
5.478000000000000000e+03 2.036971476714311446e+00
5.479000000000000000e+03 2.041872278799768292e+00
5.480000000000000000e+03 2.045794109441532616e+00
5.481000000000000000e+03 2.051748146273018047e+00
5.482000000000000000e+03 2.054827527960265243e+00
5.483000000000000000e+03 2.056177858499226740e+00
5.484000000000000000e+03 2.062675201013946413e+00
5.485000000000000000e+03 2.066273377072898931e+00
5.486000000000000000e+03 2.072569293272705337e+00
5.487000000000000000e+03 2.077729216741004858e+00
5.488000000000000000e+03 2.082692017807767026e+00
5.489000000000000000e+03 2.087127040108416320e+00
5.490000000000000000e+03 2.092320582329421086e+00
5.491000000000000000e+03 2.098705912181025202e+00
5.492000000000000000e+03 2.103516304356781497e+00
5.493000000000000000e+03 2.109098539174160347e+00
5.494000000000000000e+03 2.112158093249437485e+00
5.495000000000000000e+03 2.114809926053817346e+00
5.496000000000000000e+03 2.121473008846073594e+00
5.497000000000000000e+03 2.123629019391624073e+00
5.498000000000000000e+03 2.126419031483857136e+00
5.499000000000000000e+03 2.130449382934490821e+00
5.500000000000000000e+03 2.131297009756260685e+00
5.501000000000000000e+03 2.136921864803707383e+00
5.502000000000000000e+03 2.139852569358248857e+00
5.503000000000000000e+03 2.144863609460530451e+00
5.504000000000000000e+03 2.146132490221461353e+00
5.505000000000000000e+03 2.153564036944697335e+00
5.506000000000000000e+03 2.156266557093351022e+00
5.507000000000000000e+03 2.160179925732399031e+00
5.508000000000000000e+03 2.163895062568403471e+00
5.509000000000000000e+03 2.168073011707294384e+00
5.510000000000000000e+03 2.173502881455151137e+00
5.511000000000000000e+03 2.176001658939746175e+00
5.512000000000000000e+03 2.179649726128900067e+00
5.513000000000000000e+03 2.183724486320314018e+00
5.514000000000000000e+03 2.188398303272569123e+00
5.515000000000000000e+03 2.195357177116416647e+00
5.516000000000000000e+03 2.199076778792146580e+00
5.517000000000000000e+03 2.203774882749357733e+00
5.518000000000000000e+03 2.210130412011627410e+00
5.519000000000000000e+03 2.213547530822912890e+00
5.520000000000000000e+03 2.216157568578035253e+00
5.521000000000000000e+03 2.220734374916812026e+00
5.522000000000000000e+03 2.223832797905118230e+00
5.523000000000000000e+03 2.227358332551775622e+00
5.524000000000000000e+03 2.233113090321034111e+00
5.525000000000000000e+03 2.237385619095181966e+00
5.526000000000000000e+03 2.242469525163913513e+00
5.527000000000000000e+03 2.245222514539739311e+00
5.528000000000000000e+03 2.248722347515022424e+00
5.529000000000000000e+03 2.252107393456892037e+00
5.530000000000000000e+03 2.255823053427326919e+00
5.531000000000000000e+03 2.260716629424446733e+00
5.532000000000000000e+03 2.264942396714554995e+00
5.533000000000000000e+03 2.266866690149434316e+00
5.534000000000000000e+03 2.270270765756150055e+00
5.535000000000000000e+03 2.274792656101293886e+00
5.536000000000000000e+03 2.278850102350346685e+00
5.537000000000000000e+03 2.281622762125477433e+00
5.538000000000000000e+03 2.285519791540699064e+00
5.539000000000000000e+03 2.290114509229967510e+00
5.540000000000000000e+03 2.291943478311952109e+00
5.541000000000000000e+03 2.295967095613727249e+00
5.542000000000000000e+03 2.300149907699380325e+00
5.543000000000000000e+03 2.305946183972144237e+00
5.544000000000000000e+03 2.310286498639193997e+00
5.545000000000000000e+03 2.310636821194229640e+00
5.546000000000000000e+03 2.316696263547999290e+00
5.547000000000000000e+03 2.322334705483505068e+00
5.548000000000000000e+03 2.327478910903692633e+00
5.549000000000000000e+03 2.331052953704247699e+00
5.550000000000000000e+03 2.335099564163112706e+00
5.551000000000000000e+03 2.340247918017061224e+00
5.552000000000000000e+03 2.343874321795945459e+00
5.553000000000000000e+03 2.346954384325449450e+00
5.554000000000000000e+03 2.350309905728571458e+00
5.555000000000000000e+03 2.354423451398887313e+00
5.556000000000000000e+03 2.357481552185424434e+00
5.557000000000000000e+03 2.362260155960035579e+00
5.558000000000000000e+03 2.366036071212863412e+00
5.559000000000000000e+03 2.369149338542981820e+00
5.560000000000000000e+03 2.374894565015813530e+00
5.561000000000000000e+03 2.377668034126702690e+00
5.562000000000000000e+03 2.382928994338213258e+00
5.563000000000000000e+03 2.386449522689866765e+00
5.564000000000000000e+03 2.388582646537297460e+00
5.565000000000000000e+03 2.393801506187065886e+00
5.566000000000000000e+03 2.399139962092365685e+00
5.567000000000000000e+03 2.402298225915816321e+00
5.568000000000000000e+03 2.406296981086612607e+00
5.569000000000000000e+03 2.412220189133164716e+00
5.570000000000000000e+03 2.420261966352771577e+00
5.571000000000000000e+03 2.425063812348949632e+00
5.572000000000000000e+03 2.429625102911658896e+00
5.573000000000000000e+03 2.437058000673509639e+00
5.574000000000000000e+03 2.438548613188795233e+00
5.575000000000000000e+03 2.444072430997870971e+00
5.576000000000000000e+03 2.446574128181639107e+00
5.577000000000000000e+03 2.451937544754360765e+00
5.578000000000000000e+03 2.457337453729267818e+00
5.579000000000000000e+03 2.459467848018197955e+00
5.580000000000000000e+03 2.465468456688204579e+00
5.581000000000000000e+03 2.468567022034436675e+00
5.582000000000000000e+03 2.475559006598879730e+00
5.583000000000000000e+03 2.481558251356162703e+00
5.584000000000000000e+03 2.485533676167269057e+00
5.585000000000000000e+03 2.489638439962797545e+00
5.586000000000000000e+03 2.493838410758774327e+00
5.587000000000000000e+03 2.499025358713056200e+00
5.588000000000000000e+03 2.502675309978415807e+00
5.589000000000000000e+03 2.507096845165344146e+00
5.590000000000000000e+03 2.511175219019872618e+00
5.591000000000000000e+03 2.517633117990702107e+00
5.592000000000000000e+03 2.519633775930908648e+00
5.593000000000000000e+03 2.525145723317146373e+00
5.594000000000000000e+03 2.530707090690746952e+00
5.595000000000000000e+03 2.533235295910700735e+00
5.596000000000000000e+03 2.538922281651480706e+00
5.597000000000000000e+03 2.543575546080449001e+00
5.598000000000000000e+03 2.547280033305674429e+00
5.599000000000000000e+03 2.549563183096214658e+00
5.600000000000000000e+03 2.551828860741414129e+00
5.601000000000000000e+03 2.558114762370585105e+00
5.602000000000000000e+03 2.562836206095487679e+00
5.603000000000000000e+03 2.565766850240752461e+00
5.604000000000000000e+03 2.568802443867781005e+00
5.605000000000000000e+03 2.573588524775836106e+00
5.606000000000000000e+03 2.577305368173903322e+00
5.607000000000000000e+03 2.581187130382376349e+00
5.608000000000000000e+03 2.584961779516186997e+00
5.609000000000000000e+03 2.586801183310377450e+00
5.610000000000000000e+03 2.592333366813936557e+00
5.611000000000000000e+03 2.597117501998616351e+00
5.612000000000000000e+03 2.602382827027935885e+00
5.613000000000000000e+03 2.607781687505768442e+00
5.614000000000000000e+03 2.613749935124398238e+00
5.615000000000000000e+03 2.617557243642281151e+00
5.616000000000000000e+03 2.624784168053266864e+00
5.617000000000000000e+03 2.630448525568406470e+00
5.618000000000000000e+03 2.636619441358222904e+00
5.619000000000000000e+03 2.638649534213579617e+00
5.620000000000000000e+03 2.644977961250059462e+00
5.621000000000000000e+03 2.647869319311678904e+00
5.622000000000000000e+03 2.651874047078323304e+00
5.623000000000000000e+03 2.655871817379849453e+00
5.624000000000000000e+03 2.660235343073509728e+00
5.625000000000000000e+03 2.659723426941645652e+00
5.626000000000000000e+03 2.663559111479286479e+00
5.627000000000000000e+03 2.668675451882778660e+00
5.628000000000000000e+03 2.671491907640656915e+00
5.629000000000000000e+03 2.673836325806867809e+00
5.630000000000000000e+03 2.678291848144054743e+00
5.631000000000000000e+03 2.685664440860133784e+00
5.632000000000000000e+03 2.686468292990949802e+00
5.633000000000000000e+03 2.691736827882031946e+00
5.634000000000000000e+03 2.693831620558026163e+00
5.635000000000000000e+03 2.698927708008826531e+00
5.636000000000000000e+03 2.704419023151336976e+00
5.637000000000000000e+03 2.706423468802701127e+00
5.638000000000000000e+03 2.711467152196422870e+00
5.639000000000000000e+03 2.715410578659389618e+00
5.640000000000000000e+03 2.720547600822408540e+00
5.641000000000000000e+03 2.726337949311126163e+00
5.642000000000000000e+03 2.728543806175080633e+00
5.643000000000000000e+03 2.737481786949735874e+00
5.644000000000000000e+03 2.739923742577542232e+00
5.645000000000000000e+03 2.744187807615920516e+00
5.646000000000000000e+03 2.746332715728696527e+00
5.647000000000000000e+03 2.749185091733685748e+00
5.648000000000000000e+03 2.752921158403374591e+00
5.649000000000000000e+03 2.757835406504440812e+00
5.650000000000000000e+03 2.764212028507378793e+00
5.651000000000000000e+03 2.766919840657203977e+00
5.652000000000000000e+03 2.772987770761904169e+00
5.653000000000000000e+03 2.775228895502299675e+00
5.654000000000000000e+03 2.777061601541743752e+00
5.655000000000000000e+03 2.781193147938571641e+00
5.656000000000000000e+03 2.785448248636440471e+00
5.657000000000000000e+03 2.790035376048657145e+00
5.658000000000000000e+03 2.793381811797555958e+00
5.659000000000000000e+03 2.796472629158914369e+00
5.660000000000000000e+03 2.800714571527975760e+00
5.661000000000000000e+03 2.805850139411933952e+00
5.662000000000000000e+03 2.807698710313839552e+00
5.663000000000000000e+03 2.810889572864502473e+00
5.664000000000000000e+03 2.812359330067381702e+00
5.665000000000000000e+03 2.818945160288429452e+00
5.666000000000000000e+03 2.819422372281241707e+00
5.667000000000000000e+03 2.826213354881183637e+00
5.668000000000000000e+03 2.828454001298948750e+00
5.669000000000000000e+03 2.836588197036695735e+00
5.670000000000000000e+03 2.836570388183911273e+00
5.671000000000000000e+03 2.839990355886774065e+00
5.672000000000000000e+03 2.845391401249299346e+00
5.673000000000000000e+03 2.850455083084503016e+00
5.674000000000000000e+03 2.853554019551660659e+00
5.675000000000000000e+03 2.857732820362315795e+00
5.676000000000000000e+03 2.863061479566503476e+00
5.677000000000000000e+03 2.868770246317577488e+00
5.678000000000000000e+03 2.872804201033007931e+00
5.679000000000000000e+03 2.876301041025733696e+00
5.680000000000000000e+03 2.877970662072440344e+00
5.681000000000000000e+03 2.883691445070388326e+00
5.682000000000000000e+03 2.889988537270455016e+00
5.683000000000000000e+03 2.892798589149862654e+00
5.684000000000000000e+03 2.896070636816609589e+00
5.685000000000000000e+03 2.901696944410061985e+00
5.686000000000000000e+03 2.904388645603896535e+00
5.687000000000000000e+03 2.906910730918497165e+00
5.688000000000000000e+03 2.914254013251663000e+00
5.689000000000000000e+03 2.916351783807898723e+00
5.690000000000000000e+03 2.919596104607032228e+00
5.691000000000000000e+03 2.923659417735702259e+00
5.692000000000000000e+03 2.929078194706363103e+00
5.693000000000000000e+03 2.932411528079309715e+00
5.694000000000000000e+03 2.935750191333013959e+00
5.695000000000000000e+03 2.946060193043011477e+00
5.696000000000000000e+03 2.950213943315074250e+00
5.697000000000000000e+03 2.955334697557017609e+00
5.698000000000000000e+03 2.961217693574453858e+00
5.699000000000000000e+03 2.966544451867059617e+00
5.700000000000000000e+03 2.968464022980052075e+00
5.701000000000000000e+03 2.972782006763843299e+00
5.702000000000000000e+03 2.975156264636870773e+00
5.703000000000000000e+03 2.982502766982539466e+00
5.704000000000000000e+03 2.986642864262944119e+00
5.705000000000000000e+03 2.989918984109119382e+00
5.706000000000000000e+03 2.994254558381017173e+00
5.707000000000000000e+03 2.998882962659638718e+00
5.708000000000000000e+03 3.005570185394921712e+00
5.709000000000000000e+03 3.011410231902219792e+00
5.710000000000000000e+03 3.014024193784529349e+00
5.711000000000000000e+03 3.019373617934784537e+00
5.712000000000000000e+03 3.023077873673642557e+00
5.713000000000000000e+03 3.028190717766465756e+00
5.714000000000000000e+03 3.030475572386013283e+00
5.715000000000000000e+03 3.036607661103658540e+00
5.716000000000000000e+03 3.042215129420517528e+00
5.717000000000000000e+03 3.045696523949611656e+00
5.718000000000000000e+03 3.049197785208157541e+00
5.719000000000000000e+03 3.053290697396852327e+00
5.720000000000000000e+03 3.057934599625852901e+00
5.721000000000000000e+03 3.063103788738310573e+00
5.722000000000000000e+03 3.067833288436368377e+00
5.723000000000000000e+03 3.072018618400470302e+00
5.724000000000000000e+03 3.075541927559476196e+00
5.725000000000000000e+03 3.076377371018550022e+00
5.726000000000000000e+03 3.079008551525303172e+00
5.727000000000000000e+03 3.085700470834261910e+00
5.728000000000000000e+03 3.089819707107940516e+00
5.729000000000000000e+03 3.091550894863016818e+00
5.730000000000000000e+03 3.095333686127472728e+00
5.731000000000000000e+03 3.099445254384292969e+00
5.732000000000000000e+03 3.105155318944500920e+00
5.733000000000000000e+03 3.108979826775664534e+00
5.734000000000000000e+03 3.110101429967989883e+00
5.735000000000000000e+03 3.116851458544548592e+00
5.736000000000000000e+03 3.117647412162454668e+00
5.737000000000000000e+03 3.122348953754112699e+00
5.738000000000000000e+03 3.128848537353959625e+00
5.739000000000000000e+03 3.134197405441774720e+00
5.740000000000000000e+03 3.138540991370182720e+00
5.741000000000000000e+03 3.142658452502416822e+00
5.742000000000000000e+03 3.148165081891686423e+00
5.743000000000000000e+03 3.155216801822618766e+00
5.744000000000000000e+03 3.160463442559803493e+00
5.745000000000000000e+03 3.164147451287862456e+00
5.746000000000000000e+03 3.168129388664619572e+00
5.747000000000000000e+03 3.171281356554041864e+00
5.748000000000000000e+03 3.175417366305120392e+00
5.749000000000000000e+03 3.178664877407278322e+00
5.750000000000000000e+03 3.181365505309615482e+00
5.751000000000000000e+03 3.182565787128199375e+00
5.752000000000000000e+03 3.186443383324804035e+00
5.753000000000000000e+03 3.189502087708943279e+00
5.754000000000000000e+03 3.191004546136746445e+00
5.755000000000000000e+03 3.194272852389612449e+00
5.756000000000000000e+03 3.200642955637423626e+00
5.757000000000000000e+03 3.205183848166143878e+00
5.758000000000000000e+03 3.207536607764096104e+00
5.759000000000000000e+03 3.212119899187256156e+00
5.760000000000000000e+03 3.215016940424872960e+00
5.761000000000000000e+03 3.220236704975892206e+00
5.762000000000000000e+03 3.225951551276946105e+00
5.763000000000000000e+03 3.229050027742313755e+00
5.764000000000000000e+03 3.232781981629621715e+00
5.765000000000000000e+03 3.237001976615293319e+00
5.766000000000000000e+03 3.243317896208164797e+00
5.767000000000000000e+03 3.247785261734502438e+00
5.768000000000000000e+03 3.250910963472425141e+00
5.769000000000000000e+03 3.258929783433891725e+00
5.770000000000000000e+03 3.261264424210150281e+00
5.771000000000000000e+03 3.264778485303109434e+00
5.772000000000000000e+03 3.267523799234711035e+00
5.773000000000000000e+03 3.272356322992626687e+00
5.774000000000000000e+03 3.275787782817614513e+00
5.775000000000000000e+03 3.280934716558405739e+00
5.776000000000000000e+03 3.286856779552074670e+00
5.777000000000000000e+03 3.291848657534749645e+00
5.778000000000000000e+03 3.296474933129109885e+00
5.779000000000000000e+03 3.297261191553289450e+00
5.780000000000000000e+03 3.300094149937141452e+00
5.781000000000000000e+03 3.302691947386396265e+00
5.782000000000000000e+03 3.308683767249404273e+00
5.783000000000000000e+03 3.313648735375171128e+00
5.784000000000000000e+03 3.314155042357162184e+00
5.785000000000000000e+03 3.319483175703544120e+00
5.786000000000000000e+03 3.325226335139289002e+00
5.787000000000000000e+03 3.329525082034608729e+00
5.788000000000000000e+03 3.331365661086323371e+00
5.789000000000000000e+03 3.334572441976512369e+00
5.790000000000000000e+03 3.337684593715650294e+00
5.791000000000000000e+03 3.340091539939491927e+00
5.792000000000000000e+03 3.344231319823616655e+00
5.793000000000000000e+03 3.346490757982802489e+00
5.794000000000000000e+03 3.354042373589887216e+00
5.795000000000000000e+03 3.358047384339329700e+00
5.796000000000000000e+03 3.358772849739525501e+00
5.797000000000000000e+03 3.363127934722268453e+00
5.798000000000000000e+03 3.369046801966174787e+00
5.799000000000000000e+03 3.374868791051370831e+00
5.800000000000000000e+03 3.376573236312946147e+00
5.801000000000000000e+03 3.382049581343512301e+00
5.802000000000000000e+03 3.389199152418632455e+00
5.803000000000000000e+03 3.395002100697931180e+00
5.804000000000000000e+03 3.396294016951960426e+00
5.805000000000000000e+03 3.402323659459128624e+00
5.806000000000000000e+03 3.403579525239494696e+00
5.807000000000000000e+03 3.409356078626210707e+00
5.808000000000000000e+03 3.415507688948174803e+00
5.809000000000000000e+03 3.417245618279478148e+00
5.810000000000000000e+03 3.420578676839729493e+00
5.811000000000000000e+03 3.427458779957931245e+00
5.812000000000000000e+03 3.430210198692567047e+00
5.813000000000000000e+03 3.432548829452021888e+00
5.814000000000000000e+03 3.438636854554012690e+00
5.815000000000000000e+03 3.438179279537338484e+00
5.816000000000000000e+03 3.444201611036575628e+00
5.817000000000000000e+03 3.449022503532972461e+00
5.818000000000000000e+03 3.452446993018732257e+00
5.819000000000000000e+03 3.457449627318734287e+00
5.820000000000000000e+03 3.461544575101986876e+00
5.821000000000000000e+03 3.469531344476146639e+00
5.822000000000000000e+03 3.474949280668520046e+00
5.823000000000000000e+03 3.479319555613359594e+00
5.824000000000000000e+03 3.485916909646640693e+00
5.825000000000000000e+03 3.491256192960970228e+00
5.826000000000000000e+03 3.492793336216659217e+00
5.827000000000000000e+03 3.497433704007822275e+00
5.828000000000000000e+03 3.501885511669662776e+00
5.829000000000000000e+03 3.507449500162158618e+00
5.830000000000000000e+03 3.512750728108057441e+00
5.831000000000000000e+03 3.515227432191556645e+00
5.832000000000000000e+03 3.521731012706817765e+00
5.833000000000000000e+03 3.524778761720112730e+00
5.834000000000000000e+03 3.533051013451375955e+00
5.835000000000000000e+03 3.538044208059181628e+00
5.836000000000000000e+03 3.539722438170532115e+00
5.837000000000000000e+03 3.544769421297194523e+00
5.838000000000000000e+03 3.550694558726912309e+00
5.839000000000000000e+03 3.555834049252585061e+00
5.840000000000000000e+03 3.559894916300709422e+00
5.841000000000000000e+03 3.563951028841676472e+00
5.842000000000000000e+03 3.571115944368201678e+00
5.843000000000000000e+03 3.572274448715637263e+00
5.844000000000000000e+03 3.577084782957908882e+00
5.845000000000000000e+03 3.582069458867406908e+00
5.846000000000000000e+03 3.585935794675834121e+00
5.847000000000000000e+03 3.592133837449340117e+00
5.848000000000000000e+03 3.594104760903806817e+00
5.849000000000000000e+03 3.601890044048937867e+00
5.850000000000000000e+03 3.603523257365480514e+00
5.851000000000000000e+03 3.604214177077184278e+00
5.852000000000000000e+03 3.608722272815484633e+00
5.853000000000000000e+03 3.614560515957333298e+00
5.854000000000000000e+03 3.617564341484696744e+00
5.855000000000000000e+03 3.618984653694730991e+00
5.856000000000000000e+03 3.626884979869965164e+00
5.857000000000000000e+03 3.629984363959960714e+00
5.858000000000000000e+03 3.634997060365767307e+00
5.859000000000000000e+03 3.638596639702499136e+00
5.860000000000000000e+03 3.639308331292489651e+00
5.861000000000000000e+03 3.642503354160707918e+00
5.862000000000000000e+03 3.646623764949177282e+00
5.863000000000000000e+03 3.652898510173351543e+00
5.864000000000000000e+03 3.659479318997074682e+00
5.865000000000000000e+03 3.665523764747941726e+00
5.866000000000000000e+03 3.667579172061115500e+00
5.867000000000000000e+03 3.674830832337791175e+00
5.868000000000000000e+03 3.679551002763882916e+00
5.869000000000000000e+03 3.687244139480194249e+00
5.870000000000000000e+03 3.689949234698049807e+00
5.871000000000000000e+03 3.693953137779038443e+00
5.872000000000000000e+03 3.695427652955178832e+00
5.873000000000000000e+03 3.702290500312082955e+00
5.874000000000000000e+03 3.705390189419405900e+00
5.875000000000000000e+03 3.707773704766486045e+00
5.876000000000000000e+03 3.710111360064673125e+00
5.877000000000000000e+03 3.711431230958995631e+00
5.878000000000000000e+03 3.715118289365201942e+00
5.879000000000000000e+03 3.718428703854760986e+00
5.880000000000000000e+03 3.723726158201509318e+00
5.881000000000000000e+03 3.725404142714487943e+00
5.882000000000000000e+03 3.735113426160964423e+00
5.883000000000000000e+03 3.735873039142612040e+00
5.884000000000000000e+03 3.739393453112766608e+00
5.885000000000000000e+03 3.744442880834498499e+00
5.886000000000000000e+03 3.749609132669671663e+00
5.887000000000000000e+03 3.756010891863862167e+00
5.888000000000000000e+03 3.757215891547911468e+00
5.889000000000000000e+03 3.761493935391909460e+00
5.890000000000000000e+03 3.765799631334660891e+00
5.891000000000000000e+03 3.769950950876080231e+00
5.892000000000000000e+03 3.775935136392975178e+00
5.893000000000000000e+03 3.779793980460795400e+00
5.894000000000000000e+03 3.786293873534397392e+00
5.895000000000000000e+03 3.791753190081191605e+00
5.896000000000000000e+03 3.795099675841050679e+00
5.897000000000000000e+03 3.796796618963699022e+00
5.898000000000000000e+03 3.801803310093228916e+00
5.899000000000000000e+03 3.805162877432405111e+00
5.900000000000000000e+03 3.809137630561679089e+00
5.901000000000000000e+03 3.814789137241131112e+00
5.902000000000000000e+03 3.820402252835028545e+00
5.903000000000000000e+03 3.825637534647590599e+00
5.904000000000000000e+03 3.828225385858015084e+00
5.905000000000000000e+03 3.829098649485458861e+00
5.906000000000000000e+03 3.831475518821804371e+00
5.907000000000000000e+03 3.835222265059330837e+00
5.908000000000000000e+03 3.842520060197584186e+00
5.909000000000000000e+03 3.845990976192993127e+00
5.910000000000000000e+03 3.849351000067847917e+00
5.911000000000000000e+03 3.853541765876521641e+00
5.912000000000000000e+03 3.858465280364479000e+00
5.913000000000000000e+03 3.859503979747292757e+00
5.914000000000000000e+03 3.863330805413075719e+00
5.915000000000000000e+03 3.865146877609682008e+00
5.916000000000000000e+03 3.870328989355733551e+00
5.917000000000000000e+03 3.872001738563132900e+00
5.918000000000000000e+03 3.876185592461226737e+00
5.919000000000000000e+03 3.882158899851926304e+00
5.920000000000000000e+03 3.889030275810297255e+00
5.921000000000000000e+03 3.892146055572128560e+00
5.922000000000000000e+03 3.892940960940543871e+00
5.923000000000000000e+03 3.897944783124597468e+00
5.924000000000000000e+03 3.904456592175577168e+00
5.925000000000000000e+03 3.908218177803334470e+00
5.926000000000000000e+03 3.910879753089028465e+00
5.927000000000000000e+03 3.917910189643453833e+00
5.928000000000000000e+03 3.922767057349501485e+00
5.929000000000000000e+03 3.925556943919180863e+00
5.930000000000000000e+03 3.931385336387690277e+00
5.931000000000000000e+03 3.933135135646674829e+00
5.932000000000000000e+03 3.936439797390536288e+00
5.933000000000000000e+03 3.941291997737231156e+00
5.934000000000000000e+03 3.947352218726961848e+00
5.935000000000000000e+03 3.951702288254274720e+00
5.936000000000000000e+03 3.955247074891722558e+00
5.937000000000000000e+03 3.958621565302832490e+00
5.938000000000000000e+03 3.962028005289015997e+00
5.939000000000000000e+03 3.967291438319600960e+00
5.940000000000000000e+03 3.969564007573906039e+00
5.941000000000000000e+03 3.974524590580383876e+00
5.942000000000000000e+03 3.976521701456229518e+00
5.943000000000000000e+03 3.982979551653997863e+00
5.944000000000000000e+03 3.984870447671800875e+00
5.945000000000000000e+03 3.988915020060318284e+00
5.946000000000000000e+03 3.995796538835250988e+00
5.947000000000000000e+03 4.002114923819821257e+00
5.948000000000000000e+03 4.007245071704264916e+00
5.949000000000000000e+03 4.012218427311471380e+00
5.950000000000000000e+03 4.018679055345637074e+00
5.951000000000000000e+03 4.022545908594183928e+00
5.952000000000000000e+03 4.026422774432727003e+00
5.953000000000000000e+03 4.028922258260217326e+00
5.954000000000000000e+03 4.037284734712086376e+00
5.955000000000000000e+03 4.042087632176287748e+00
5.956000000000000000e+03 4.044356595194848580e+00
5.957000000000000000e+03 4.052236344584053462e+00
5.958000000000000000e+03 4.055197294874971270e+00
5.959000000000000000e+03 4.059949870916665482e+00
5.960000000000000000e+03 4.066623142575177319e+00
5.961000000000000000e+03 4.069736239075784745e+00
5.962000000000000000e+03 4.074429107479835999e+00
5.963000000000000000e+03 4.077442302386957707e+00
5.964000000000000000e+03 4.084132207888310440e+00
5.965000000000000000e+03 4.088619244061527880e+00
5.966000000000000000e+03 4.094552561006318037e+00
5.967000000000000000e+03 4.099416803595679504e+00
5.968000000000000000e+03 4.103619319503800433e+00
5.969000000000000000e+03 4.106903799102563646e+00
5.970000000000000000e+03 4.110563126184736404e+00
5.971000000000000000e+03 4.116356551585291790e+00
5.972000000000000000e+03 4.119318969029378330e+00
5.973000000000000000e+03 4.124030620262012725e+00
5.974000000000000000e+03 4.129117189785646680e+00
5.975000000000000000e+03 4.134536074205598766e+00
5.976000000000000000e+03 4.132403519789874302e+00
5.977000000000000000e+03 4.135671883481067290e+00
5.978000000000000000e+03 4.142096336756913466e+00
5.979000000000000000e+03 4.147487784471838523e+00
5.980000000000000000e+03 4.148536924756329292e+00
5.981000000000000000e+03 4.151686204928104473e+00
5.982000000000000000e+03 4.158566501653083058e+00
5.983000000000000000e+03 4.163825062824062506e+00
5.984000000000000000e+03 4.166511597044126880e+00
5.985000000000000000e+03 4.170129360068254520e+00
5.986000000000000000e+03 4.172601120494234372e+00
5.987000000000000000e+03 4.177008153493529719e+00
5.988000000000000000e+03 4.180941168764296556e+00
5.989000000000000000e+03 4.187239648892252752e+00
5.990000000000000000e+03 4.193301452902123749e+00
5.991000000000000000e+03 4.198578670141234426e+00
5.992000000000000000e+03 4.202037079930925678e+00
5.993000000000000000e+03 4.208220114465319739e+00
5.994000000000000000e+03 4.214789429186289738e+00
5.995000000000000000e+03 4.220045059517040009e+00
5.996000000000000000e+03 4.219975581421659960e+00
5.997000000000000000e+03 4.226107135863811592e+00
5.998000000000000000e+03 4.229383169552492383e+00
5.999000000000000000e+03 4.234093396710702173e+00
