# time(ps)	msd(nm^2)	#D_bar=1.1588768804045054e-09,D_std=1.2099520017777718e-10
5.000000000000000000e+03 0.000000000000000000e+00
5.001000000000000000e+03 1.082051171297321833e-02
5.002000000000000000e+03 1.670426554982678419e-02
5.003000000000000000e+03 2.259097795026685992e-02
5.004000000000000000e+03 2.809809808671358614e-02
5.005000000000000000e+03 3.339177768679865016e-02
5.006000000000000000e+03 3.869553346739569577e-02
5.007000000000000000e+03 4.403885797996435342e-02
5.008000000000000000e+03 4.909792714246816181e-02
5.009000000000000000e+03 5.377139974153419266e-02
5.010000000000000000e+03 5.899596997155693440e-02
5.011000000000000000e+03 6.391089112427882080e-02
5.012000000000000000e+03 6.881122493024201259e-02
5.013000000000000000e+03 7.324187872918198894e-02
5.014000000000000000e+03 7.817847317583527522e-02
5.015000000000000000e+03 8.316769073349432329e-02
5.016000000000000000e+03 8.802799411553481612e-02
5.017000000000000000e+03 9.257226980452205878e-02
5.018000000000000000e+03 9.690856246436803378e-02
5.019000000000000000e+03 1.017117932697251259e-01
5.020000000000000000e+03 1.068246357894204190e-01
5.021000000000000000e+03 1.115311820995523312e-01
5.022000000000000000e+03 1.168031397735605631e-01
5.023000000000000000e+03 1.209081705365336878e-01
5.024000000000000000e+03 1.257520664672324984e-01
5.025000000000000000e+03 1.305444336274380335e-01
5.026000000000000000e+03 1.354836366003571435e-01
5.027000000000000000e+03 1.398679363321783387e-01
5.028000000000000000e+03 1.446886751310290653e-01
5.029000000000000000e+03 1.494300565087191002e-01
5.030000000000000000e+03 1.544483504428569853e-01
5.031000000000000000e+03 1.583450588761955991e-01
5.032000000000000000e+03 1.634737021967471449e-01
5.033000000000000000e+03 1.680662444982302384e-01
5.034000000000000000e+03 1.722318935294754605e-01
5.035000000000000000e+03 1.773149387034070878e-01
5.036000000000000000e+03 1.822903578527937940e-01
5.037000000000000000e+03 1.864886936577912213e-01
5.038000000000000000e+03 1.911687331469148210e-01
5.039000000000000000e+03 1.957557253257235230e-01
5.040000000000000000e+03 2.005447030794797747e-01
5.041000000000000000e+03 2.055946032282780223e-01
5.042000000000000000e+03 2.103622627702368131e-01
5.043000000000000000e+03 2.148190759739665723e-01
5.044000000000000000e+03 2.195592442995166760e-01
5.045000000000000000e+03 2.246932491095461615e-01
5.046000000000000000e+03 2.291086381570451580e-01
5.047000000000000000e+03 2.341199735455889164e-01
5.048000000000000000e+03 2.391169143549969622e-01
5.049000000000000000e+03 2.438926325827435182e-01
5.050000000000000000e+03 2.492047877134078993e-01
5.051000000000000000e+03 2.542252313194935387e-01
5.052000000000000000e+03 2.578308250020541204e-01
5.053000000000000000e+03 2.632272705942985680e-01
5.054000000000000000e+03 2.672799030939738141e-01
5.055000000000000000e+03 2.719343205484429649e-01
5.056000000000000000e+03 2.761085719042430386e-01
5.057000000000000000e+03 2.816748678799078087e-01
5.058000000000000000e+03 2.860986392468922723e-01
5.059000000000000000e+03 2.905592157355316729e-01
5.060000000000000000e+03 2.951169536139769956e-01
5.061000000000000000e+03 3.002923460594720817e-01
5.062000000000000000e+03 3.052241242153947431e-01
5.063000000000000000e+03 3.107365730793413827e-01
5.064000000000000000e+03 3.147472744196289640e-01
5.065000000000000000e+03 3.193560386592178002e-01
5.066000000000000000e+03 3.242570205460623689e-01
5.067000000000000000e+03 3.278323744226894765e-01
5.068000000000000000e+03 3.325927185568199884e-01
5.069000000000000000e+03 3.378257055120277297e-01
5.070000000000000000e+03 3.427457701876595597e-01
5.071000000000000000e+03 3.467366675114738617e-01
5.072000000000000000e+03 3.521155281639589685e-01
5.073000000000000000e+03 3.561520982646146360e-01
5.074000000000000000e+03 3.607555612893001418e-01
5.075000000000000000e+03 3.648594351402824620e-01
5.076000000000000000e+03 3.694197272902202678e-01
5.077000000000000000e+03 3.737490727645739752e-01
5.078000000000000000e+03 3.786571753583966582e-01
5.079000000000000000e+03 3.849143369426006878e-01
5.080000000000000000e+03 3.893161813035252439e-01
5.081000000000000000e+03 3.950426266142859633e-01
5.082000000000000000e+03 3.986602991761956094e-01
5.083000000000000000e+03 4.034740509861314828e-01
5.084000000000000000e+03 4.074429213885859546e-01
5.085000000000000000e+03 4.115430644941236449e-01
5.086000000000000000e+03 4.165564604730426779e-01
5.087000000000000000e+03 4.214710443542031282e-01
5.088000000000000000e+03 4.263147890529500050e-01
5.089000000000000000e+03 4.315791982982732367e-01
5.090000000000000000e+03 4.355363493633332972e-01
5.091000000000000000e+03 4.398525639382706576e-01
5.092000000000000000e+03 4.448101660649441680e-01
5.093000000000000000e+03 4.494604696121902165e-01
5.094000000000000000e+03 4.537742786401344763e-01
5.095000000000000000e+03 4.586688402607106974e-01
5.096000000000000000e+03 4.630893750610302617e-01
5.097000000000000000e+03 4.681198226387255357e-01
5.098000000000000000e+03 4.719518989649963969e-01
5.099000000000000000e+03 4.774689603173434271e-01
5.100000000000000000e+03 4.811922721397287606e-01
5.101000000000000000e+03 4.854914973619737784e-01
5.102000000000000000e+03 4.901074481913887393e-01
5.103000000000000000e+03 4.934728751216242437e-01
5.104000000000000000e+03 4.989749408334817615e-01
5.105000000000000000e+03 5.035300283915888908e-01
5.106000000000000000e+03 5.081671856884474314e-01
5.107000000000000000e+03 5.137734929184615273e-01
5.108000000000000000e+03 5.177564800130148859e-01
5.109000000000000000e+03 5.225626930029788619e-01
5.110000000000000000e+03 5.268891036089368152e-01
5.111000000000000000e+03 5.319212563311969122e-01
5.112000000000000000e+03 5.363150829677792997e-01
5.113000000000000000e+03 5.407918405287835961e-01
5.114000000000000000e+03 5.469350500909198054e-01
5.115000000000000000e+03 5.511017174925953999e-01
5.116000000000000000e+03 5.554587704751000610e-01
5.117000000000000000e+03 5.608307177544252786e-01
5.118000000000000000e+03 5.655311153879822861e-01
5.119000000000000000e+03 5.704359698157777103e-01
5.120000000000000000e+03 5.750048941500154331e-01
5.121000000000000000e+03 5.781769042759273836e-01
5.122000000000000000e+03 5.830507668150336498e-01
5.123000000000000000e+03 5.870379931511752192e-01
5.124000000000000000e+03 5.912607513947142346e-01
5.125000000000000000e+03 5.955373998169113392e-01
5.126000000000000000e+03 6.003176496054933864e-01
5.127000000000000000e+03 6.047969852109407185e-01
5.128000000000000000e+03 6.094840997752272171e-01
5.129000000000000000e+03 6.138706641390140328e-01
5.130000000000000000e+03 6.197571516343248765e-01
5.131000000000000000e+03 6.246049440894743121e-01
5.132000000000000000e+03 6.280622482299802467e-01
5.133000000000000000e+03 6.327627398068890185e-01
5.134000000000000000e+03 6.383797785526831303e-01
5.135000000000000000e+03 6.428704016776748409e-01
5.136000000000000000e+03 6.479776320583022775e-01
5.137000000000000000e+03 6.525573379808159435e-01
5.138000000000000000e+03 6.555893174638792731e-01
5.139000000000000000e+03 6.607239123101255052e-01
5.140000000000000000e+03 6.646663787354238906e-01
5.141000000000000000e+03 6.690150311763422009e-01
5.142000000000000000e+03 6.733984241289593387e-01
5.143000000000000000e+03 6.780415159352867205e-01
5.144000000000000000e+03 6.833412889953449643e-01
5.145000000000000000e+03 6.874840872825225269e-01
5.146000000000000000e+03 6.922144263542526765e-01
5.147000000000000000e+03 6.977371600628203829e-01
5.148000000000000000e+03 7.025484152152592365e-01
5.149000000000000000e+03 7.054291291350190951e-01
5.150000000000000000e+03 7.115028870741214595e-01
5.151000000000000000e+03 7.158393660798317848e-01
5.152000000000000000e+03 7.204087594417548646e-01
5.153000000000000000e+03 7.233790150803486307e-01
5.154000000000000000e+03 7.284661764201253442e-01
5.155000000000000000e+03 7.330173584767162298e-01
5.156000000000000000e+03 7.378661311736990358e-01
5.157000000000000000e+03 7.419179727729496854e-01
5.158000000000000000e+03 7.471484660183529414e-01
5.159000000000000000e+03 7.518619508718783484e-01
5.160000000000000000e+03 7.564198972325946180e-01
5.161000000000000000e+03 7.616868774019606159e-01
5.162000000000000000e+03 7.665641199110710957e-01
5.163000000000000000e+03 7.700264747891586437e-01
5.164000000000000000e+03 7.761049945919499260e-01
5.165000000000000000e+03 7.809809029064044283e-01
5.166000000000000000e+03 7.849669776517149700e-01
5.167000000000000000e+03 7.900261292491267406e-01
5.168000000000000000e+03 7.959158008651394667e-01
5.169000000000000000e+03 7.996042012096440388e-01
5.170000000000000000e+03 8.038941922674754936e-01
5.171000000000000000e+03 8.084051094532926918e-01
5.172000000000000000e+03 8.135471461901851997e-01
5.173000000000000000e+03 8.186662824933309546e-01
5.174000000000000000e+03 8.234883562907548971e-01
5.175000000000000000e+03 8.282652829194111499e-01
5.176000000000000000e+03 8.336056998393134299e-01
5.177000000000000000e+03 8.375081276388295359e-01
5.178000000000000000e+03 8.410600021854762742e-01
5.179000000000000000e+03 8.470935198306731584e-01
5.180000000000000000e+03 8.519634465491380260e-01
5.181000000000000000e+03 8.552652331752201853e-01
5.182000000000000000e+03 8.607932241129891970e-01
5.183000000000000000e+03 8.657406632074889918e-01
5.184000000000000000e+03 8.708396504609799971e-01
5.185000000000000000e+03 8.752032165429349808e-01
5.186000000000000000e+03 8.804507688903316920e-01
5.187000000000000000e+03 8.844043269858737899e-01
5.188000000000000000e+03 8.897209760081556951e-01
5.189000000000000000e+03 8.945005482102174055e-01
5.190000000000000000e+03 8.999885540400544004e-01
5.191000000000000000e+03 9.047266362030383924e-01
5.192000000000000000e+03 9.084228775634469732e-01
5.193000000000000000e+03 9.131660121484072024e-01
5.194000000000000000e+03 9.183216006157094435e-01
5.195000000000000000e+03 9.237602136804267117e-01
5.196000000000000000e+03 9.270206203656696786e-01
5.197000000000000000e+03 9.323586748438001948e-01
5.198000000000000000e+03 9.374043737839024004e-01
5.199000000000000000e+03 9.416627283653696834e-01
5.200000000000000000e+03 9.454231502616256000e-01
5.201000000000000000e+03 9.502315280831004074e-01
5.202000000000000000e+03 9.552469339291099759e-01
5.203000000000000000e+03 9.595144378426906373e-01
5.204000000000000000e+03 9.656064942163310461e-01
5.205000000000000000e+03 9.701762027899726304e-01
5.206000000000000000e+03 9.752608959538550115e-01
5.207000000000000000e+03 9.792572634298215561e-01
5.208000000000000000e+03 9.843684947100221905e-01
5.209000000000000000e+03 9.879112609625635422e-01
5.210000000000000000e+03 9.922673449580611260e-01
5.211000000000000000e+03 9.966327229905910245e-01
5.212000000000000000e+03 1.002019343961104925e+00
5.213000000000000000e+03 1.005785350242178744e+00
5.214000000000000000e+03 1.010917852226555613e+00
5.215000000000000000e+03 1.014176520155880556e+00
5.216000000000000000e+03 1.018702606398398602e+00
5.217000000000000000e+03 1.024256383905674417e+00
5.218000000000000000e+03 1.027853537769600534e+00
5.219000000000000000e+03 1.033104342379169038e+00
5.220000000000000000e+03 1.037878966438670503e+00
5.221000000000000000e+03 1.042863209123555679e+00
5.222000000000000000e+03 1.047655777052264980e+00
5.223000000000000000e+03 1.051646899013237491e+00
5.224000000000000000e+03 1.055307278207424870e+00
5.225000000000000000e+03 1.060627586196918548e+00
5.226000000000000000e+03 1.064156614057360173e+00
5.227000000000000000e+03 1.069337323298421127e+00
5.228000000000000000e+03 1.072987548494920951e+00
5.229000000000000000e+03 1.077600530270360180e+00
5.230000000000000000e+03 1.083728853830865146e+00
5.231000000000000000e+03 1.088888054561676366e+00
5.232000000000000000e+03 1.094733507876681111e+00
5.233000000000000000e+03 1.099709403461267332e+00
5.234000000000000000e+03 1.105141568046085210e+00
5.235000000000000000e+03 1.109635761784067531e+00
5.236000000000000000e+03 1.113286724745959244e+00
5.237000000000000000e+03 1.117744210138486016e+00
5.238000000000000000e+03 1.121036831201003281e+00
5.239000000000000000e+03 1.126328579033500477e+00
5.240000000000000000e+03 1.131990942345572293e+00
5.241000000000000000e+03 1.135917584407612146e+00
5.242000000000000000e+03 1.141316302096759605e+00
5.243000000000000000e+03 1.146379921171400307e+00
5.244000000000000000e+03 1.151117631848530776e+00
5.245000000000000000e+03 1.156493472379219734e+00
5.246000000000000000e+03 1.159903392932624344e+00
5.247000000000000000e+03 1.163467977777381090e+00
5.248000000000000000e+03 1.168099405525123702e+00
5.249000000000000000e+03 1.172457324593360051e+00
5.250000000000000000e+03 1.176150544606958670e+00
5.251000000000000000e+03 1.180269994257961530e+00
5.252000000000000000e+03 1.186215042531989061e+00
5.253000000000000000e+03 1.188670799069169393e+00
5.254000000000000000e+03 1.195496382894007281e+00
5.255000000000000000e+03 1.199439915924708222e+00
5.256000000000000000e+03 1.206945724340302784e+00
5.257000000000000000e+03 1.208407320115684636e+00
5.258000000000000000e+03 1.213465162478124082e+00
5.259000000000000000e+03 1.218834508590844967e+00
5.260000000000000000e+03 1.224158161637411091e+00
5.261000000000000000e+03 1.229145953191268292e+00
5.262000000000000000e+03 1.233549003962454149e+00
5.263000000000000000e+03 1.237517673385854833e+00
5.264000000000000000e+03 1.241159371864206884e+00
5.265000000000000000e+03 1.245952039631652353e+00
5.266000000000000000e+03 1.251503626658661439e+00
5.267000000000000000e+03 1.255136970380368311e+00
5.268000000000000000e+03 1.259477632812911363e+00
5.269000000000000000e+03 1.263614948085276746e+00
5.270000000000000000e+03 1.268513241714594342e+00
5.271000000000000000e+03 1.271916185500304497e+00
5.272000000000000000e+03 1.276614631684682921e+00
5.273000000000000000e+03 1.282109040975110803e+00
5.274000000000000000e+03 1.286550411139839589e+00
5.275000000000000000e+03 1.289343746487880749e+00
5.276000000000000000e+03 1.294155135243537424e+00
5.277000000000000000e+03 1.299109572084116815e+00
5.278000000000000000e+03 1.302804530241125969e+00
5.279000000000000000e+03 1.306106848676922505e+00
5.280000000000000000e+03 1.311809168462195307e+00
5.281000000000000000e+03 1.317411892829066788e+00
5.282000000000000000e+03 1.321665798921039192e+00
5.283000000000000000e+03 1.326146226397828753e+00
5.284000000000000000e+03 1.330440011940174250e+00
5.285000000000000000e+03 1.334674650993421308e+00
5.286000000000000000e+03 1.339398190388713550e+00
5.287000000000000000e+03 1.344889306225834247e+00
5.288000000000000000e+03 1.349490643619495556e+00
5.289000000000000000e+03 1.354980940687098290e+00
5.290000000000000000e+03 1.361324202501398295e+00
5.291000000000000000e+03 1.366368980076960726e+00
5.292000000000000000e+03 1.369724019797245118e+00
5.293000000000000000e+03 1.373930024120695537e+00
5.294000000000000000e+03 1.379540897135406619e+00
5.295000000000000000e+03 1.383101077438089632e+00
5.296000000000000000e+03 1.388451423871646773e+00
5.297000000000000000e+03 1.393250609638603477e+00
5.298000000000000000e+03 1.399408283337768788e+00
5.299000000000000000e+03 1.404260764921331450e+00
5.300000000000000000e+03 1.409775619408834890e+00
5.301000000000000000e+03 1.414234240696685463e+00
5.302000000000000000e+03 1.418962657336785282e+00
5.303000000000000000e+03 1.423694692671720441e+00
5.304000000000000000e+03 1.427248082562142750e+00
5.305000000000000000e+03 1.432438243560938185e+00
5.306000000000000000e+03 1.434913288115229335e+00
5.307000000000000000e+03 1.440610386732686266e+00
5.308000000000000000e+03 1.445375281262259337e+00
5.309000000000000000e+03 1.450729400283186754e+00
5.310000000000000000e+03 1.454627544510876502e+00
5.311000000000000000e+03 1.460438547183400493e+00
5.312000000000000000e+03 1.464539477973698878e+00
5.313000000000000000e+03 1.468288816698254395e+00
5.314000000000000000e+03 1.473778315055959354e+00
5.315000000000000000e+03 1.478008226775633815e+00
5.316000000000000000e+03 1.482395222038507931e+00
5.317000000000000000e+03 1.486788919359426808e+00
5.318000000000000000e+03 1.490147951251050484e+00
5.319000000000000000e+03 1.496035072691713985e+00
5.320000000000000000e+03 1.500760723400666130e+00
5.321000000000000000e+03 1.505256990629966873e+00
5.322000000000000000e+03 1.508639928539671438e+00
5.323000000000000000e+03 1.514712344091828422e+00
5.324000000000000000e+03 1.518317577237109361e+00
5.325000000000000000e+03 1.522212861819993046e+00
5.326000000000000000e+03 1.526503067714860995e+00
5.327000000000000000e+03 1.531497688881463981e+00
5.328000000000000000e+03 1.535572314155200457e+00
5.329000000000000000e+03 1.541746128501229940e+00
5.330000000000000000e+03 1.547366474864569907e+00
5.331000000000000000e+03 1.550549851982885974e+00
5.332000000000000000e+03 1.555651459237589185e+00
5.333000000000000000e+03 1.559052188961492114e+00
5.334000000000000000e+03 1.563948495616189538e+00
5.335000000000000000e+03 1.567692247659024929e+00
5.336000000000000000e+03 1.571608940300914137e+00
5.337000000000000000e+03 1.578266918927183182e+00
5.338000000000000000e+03 1.584493104815866360e+00
5.339000000000000000e+03 1.586884366600805008e+00
5.340000000000000000e+03 1.593021285939691500e+00
5.341000000000000000e+03 1.596064057959603266e+00
5.342000000000000000e+03 1.600538541356493427e+00
5.343000000000000000e+03 1.605362757092957393e+00
5.344000000000000000e+03 1.609866258343137346e+00
5.345000000000000000e+03 1.613280727837279604e+00
5.346000000000000000e+03 1.618593839475107821e+00
5.347000000000000000e+03 1.623298938410665970e+00
5.348000000000000000e+03 1.627947192966899825e+00
5.349000000000000000e+03 1.631221857603804004e+00
5.350000000000000000e+03 1.636521264690576904e+00
5.351000000000000000e+03 1.640693055411984069e+00
5.352000000000000000e+03 1.644446269165803498e+00
5.353000000000000000e+03 1.650051233013547503e+00
5.354000000000000000e+03 1.653607900125826369e+00
5.355000000000000000e+03 1.658592758227710462e+00
5.356000000000000000e+03 1.663472554434088257e+00
5.357000000000000000e+03 1.670015121624111920e+00
5.358000000000000000e+03 1.675212277306450170e+00
5.359000000000000000e+03 1.679746163220610322e+00
5.360000000000000000e+03 1.685661374106188992e+00
5.361000000000000000e+03 1.688115182103601564e+00
5.362000000000000000e+03 1.692478824595879061e+00
5.363000000000000000e+03 1.696655106835435634e+00
5.364000000000000000e+03 1.700339366934892071e+00
5.365000000000000000e+03 1.706915327119919779e+00
5.366000000000000000e+03 1.711018012897586926e+00
5.367000000000000000e+03 1.714746818530229255e+00
5.368000000000000000e+03 1.721755439988604364e+00
5.369000000000000000e+03 1.725863008983027136e+00
5.370000000000000000e+03 1.732099566156463988e+00
5.371000000000000000e+03 1.736345907014076539e+00
5.372000000000000000e+03 1.739213384568270238e+00
5.373000000000000000e+03 1.743343308864683250e+00
5.374000000000000000e+03 1.750104427950154751e+00
5.375000000000000000e+03 1.752391320891921067e+00
5.376000000000000000e+03 1.756639909346132677e+00
5.377000000000000000e+03 1.761217729510906160e+00
5.378000000000000000e+03 1.767001557824852798e+00
5.379000000000000000e+03 1.770482046755752270e+00
5.380000000000000000e+03 1.777116444452342847e+00
5.381000000000000000e+03 1.782358410577400631e+00
5.382000000000000000e+03 1.788908201069424386e+00
5.383000000000000000e+03 1.791382225492325952e+00
5.384000000000000000e+03 1.795592652579953041e+00
5.385000000000000000e+03 1.801019084246862079e+00
5.386000000000000000e+03 1.806673223878912937e+00
5.387000000000000000e+03 1.811441326570112809e+00
5.388000000000000000e+03 1.816759817862097171e+00
5.389000000000000000e+03 1.819254551166590295e+00
5.390000000000000000e+03 1.823887342968735892e+00
5.391000000000000000e+03 1.829573181093543610e+00
5.392000000000000000e+03 1.831874185597659688e+00
5.393000000000000000e+03 1.836961111351704590e+00
5.394000000000000000e+03 1.840509566880987657e+00
5.395000000000000000e+03 1.844183820750211922e+00
5.396000000000000000e+03 1.849918706338987695e+00
5.397000000000000000e+03 1.855101829778711853e+00
5.398000000000000000e+03 1.859858680092990824e+00
5.399000000000000000e+03 1.864482411376620519e+00
5.400000000000000000e+03 1.867699790934989723e+00
5.401000000000000000e+03 1.871751165114385662e+00
5.402000000000000000e+03 1.875821806026255034e+00
5.403000000000000000e+03 1.880333060091247566e+00
5.404000000000000000e+03 1.884079664581926883e+00
5.405000000000000000e+03 1.889391665437241130e+00
5.406000000000000000e+03 1.895815633701527725e+00
5.407000000000000000e+03 1.899153039328317805e+00
5.408000000000000000e+03 1.903921794033847759e+00
5.409000000000000000e+03 1.907714592315633340e+00
5.410000000000000000e+03 1.911395300483581972e+00
5.411000000000000000e+03 1.915256246053490763e+00
5.412000000000000000e+03 1.921201890297401071e+00
5.413000000000000000e+03 1.925518675346594710e+00
5.414000000000000000e+03 1.931798889917215156e+00
5.415000000000000000e+03 1.938339894294125898e+00
5.416000000000000000e+03 1.942701618718887024e+00
5.417000000000000000e+03 1.948569817809469917e+00
5.418000000000000000e+03 1.952988966658242509e+00
5.419000000000000000e+03 1.957323710736206479e+00
5.420000000000000000e+03 1.960550278827173587e+00
5.421000000000000000e+03 1.965941528670667404e+00
5.422000000000000000e+03 1.971764010501044773e+00
5.423000000000000000e+03 1.976093930162982959e+00
5.424000000000000000e+03 1.981823565642958584e+00
5.425000000000000000e+03 1.987511289372380086e+00
5.426000000000000000e+03 1.992268438284108045e+00
5.427000000000000000e+03 1.997584691473360818e+00
5.428000000000000000e+03 2.002798067887930689e+00
5.429000000000000000e+03 2.007624034171081817e+00
5.430000000000000000e+03 2.010215754683537970e+00
5.431000000000000000e+03 2.014622641436627060e+00
5.432000000000000000e+03 2.018064947563176226e+00
5.433000000000000000e+03 2.023392068780839104e+00
5.434000000000000000e+03 2.028063117500751300e+00
5.435000000000000000e+03 2.033372359009377295e+00
5.436000000000000000e+03 2.038204767953607277e+00
5.437000000000000000e+03 2.045192048728809553e+00
5.438000000000000000e+03 2.048496294725990374e+00
5.439000000000000000e+03 2.053408820887905328e+00
5.440000000000000000e+03 2.058540562903491189e+00
5.441000000000000000e+03 2.062499787766120196e+00
5.442000000000000000e+03 2.067494024277957809e+00
5.443000000000000000e+03 2.071197539778498520e+00
5.444000000000000000e+03 2.075110184357729981e+00
5.445000000000000000e+03 2.081529375369072898e+00
5.446000000000000000e+03 2.085536591426333075e+00
5.447000000000000000e+03 2.088017992890638830e+00
5.448000000000000000e+03 2.093234446849590480e+00
5.449000000000000000e+03 2.099390784516576236e+00
5.450000000000000000e+03 2.102539895204067033e+00
5.451000000000000000e+03 2.105788710183186030e+00
5.452000000000000000e+03 2.110890641454403305e+00
5.453000000000000000e+03 2.114880740680828985e+00
5.454000000000000000e+03 2.121073562056114081e+00
5.455000000000000000e+03 2.125908876736346986e+00
5.456000000000000000e+03 2.131703774593699752e+00
5.457000000000000000e+03 2.136680203978649217e+00
5.458000000000000000e+03 2.139744382526296729e+00
5.459000000000000000e+03 2.143719543305128816e+00
5.460000000000000000e+03 2.149238668808052477e+00
5.461000000000000000e+03 2.152342032528718807e+00
5.462000000000000000e+03 2.156498600905265572e+00
5.463000000000000000e+03 2.163083769529389411e+00
5.464000000000000000e+03 2.167554450479162398e+00
5.465000000000000000e+03 2.170838790592200418e+00
5.466000000000000000e+03 2.175800951612859357e+00
5.467000000000000000e+03 2.178482530051188526e+00
5.468000000000000000e+03 2.183587322345358572e+00
5.469000000000000000e+03 2.188314036673740137e+00
5.470000000000000000e+03 2.193695207092344557e+00
5.471000000000000000e+03 2.195249053095117642e+00
5.472000000000000000e+03 2.201707578118826891e+00
5.473000000000000000e+03 2.205249903978409254e+00
5.474000000000000000e+03 2.210671492854067388e+00
5.475000000000000000e+03 2.213498208946959700e+00
5.476000000000000000e+03 2.218857290810625660e+00
5.477000000000000000e+03 2.221976108710276510e+00
5.478000000000000000e+03 2.227315698438679714e+00
5.479000000000000000e+03 2.232900958223531518e+00
5.480000000000000000e+03 2.235929399403379314e+00
5.481000000000000000e+03 2.242497601873536528e+00
5.482000000000000000e+03 2.247532490207816203e+00
5.483000000000000000e+03 2.252333964456254112e+00
5.484000000000000000e+03 2.258351374376867948e+00
5.485000000000000000e+03 2.262338841658184219e+00
5.486000000000000000e+03 2.268130901155367418e+00
5.487000000000000000e+03 2.270559936589587213e+00
5.488000000000000000e+03 2.273458310864104437e+00
5.489000000000000000e+03 2.277602874398154675e+00
5.490000000000000000e+03 2.281946709620009894e+00
5.491000000000000000e+03 2.287382761331116399e+00
5.492000000000000000e+03 2.290117351076278673e+00
5.493000000000000000e+03 2.297446923142608011e+00
5.494000000000000000e+03 2.303732762064164330e+00
5.495000000000000000e+03 2.306313708261871209e+00
5.496000000000000000e+03 2.313515430394088579e+00
5.497000000000000000e+03 2.317493292025135876e+00
5.498000000000000000e+03 2.319805051856264289e+00
5.499000000000000000e+03 2.326627923956877897e+00
5.500000000000000000e+03 2.330429072248375366e+00
5.501000000000000000e+03 2.333519809431345848e+00
5.502000000000000000e+03 2.337018317723014604e+00
5.503000000000000000e+03 2.342391680201124426e+00
5.504000000000000000e+03 2.345954035365129364e+00
5.505000000000000000e+03 2.351723980582058893e+00
5.506000000000000000e+03 2.357851117868490665e+00
5.507000000000000000e+03 2.365133995112503662e+00
5.508000000000000000e+03 2.369309374822127445e+00
5.509000000000000000e+03 2.372565165037671342e+00
5.510000000000000000e+03 2.376607729520411549e+00
5.511000000000000000e+03 2.381663034876416507e+00
5.512000000000000000e+03 2.387954682513698135e+00
5.513000000000000000e+03 2.391519241480009939e+00
5.514000000000000000e+03 2.397690979425312729e+00
5.515000000000000000e+03 2.399758309221605490e+00
5.516000000000000000e+03 2.405016745063227823e+00
5.517000000000000000e+03 2.409899835641673871e+00
5.518000000000000000e+03 2.413742809932662325e+00
5.519000000000000000e+03 2.418068788108263423e+00
5.520000000000000000e+03 2.421952409934138739e+00
5.521000000000000000e+03 2.426844091237778667e+00
5.522000000000000000e+03 2.431967988256162894e+00
5.523000000000000000e+03 2.436440078279645594e+00
5.524000000000000000e+03 2.443228581660668031e+00
5.525000000000000000e+03 2.447082098432281860e+00
5.526000000000000000e+03 2.450686649856614885e+00
5.527000000000000000e+03 2.454531793343231350e+00
5.528000000000000000e+03 2.459636521936612308e+00
5.529000000000000000e+03 2.464602284501896889e+00
5.530000000000000000e+03 2.468082602236924217e+00
5.531000000000000000e+03 2.474702547816948428e+00
5.532000000000000000e+03 2.480131251274504400e+00
5.533000000000000000e+03 2.483776600298087889e+00
5.534000000000000000e+03 2.489222051244403655e+00
5.535000000000000000e+03 2.493536504170952295e+00
5.536000000000000000e+03 2.498770224412588004e+00
5.537000000000000000e+03 2.503773955098312687e+00
5.538000000000000000e+03 2.508868890614099900e+00
5.539000000000000000e+03 2.512840010986622907e+00
5.540000000000000000e+03 2.519118651718993629e+00
5.541000000000000000e+03 2.526259988259258904e+00
5.542000000000000000e+03 2.532137478783717643e+00
5.543000000000000000e+03 2.536400243419825173e+00
5.544000000000000000e+03 2.541867972185923197e+00
5.545000000000000000e+03 2.545916112325247838e+00
5.546000000000000000e+03 2.550030470353789713e+00
5.547000000000000000e+03 2.554699940947898096e+00
5.548000000000000000e+03 2.559777599155864003e+00
5.549000000000000000e+03 2.565140169250253344e+00
5.550000000000000000e+03 2.571285859391562401e+00
5.551000000000000000e+03 2.575820079122359108e+00
5.552000000000000000e+03 2.580687874161286199e+00
5.553000000000000000e+03 2.587346325643413714e+00
5.554000000000000000e+03 2.590165113438070765e+00
5.555000000000000000e+03 2.594528868325489679e+00
5.556000000000000000e+03 2.597648934209352944e+00
5.557000000000000000e+03 2.601700587079702309e+00
5.558000000000000000e+03 2.604804940306383099e+00
5.559000000000000000e+03 2.611567954184078832e+00
5.560000000000000000e+03 2.616325983269214284e+00
5.561000000000000000e+03 2.621039667111140670e+00
5.562000000000000000e+03 2.626849063635636305e+00
5.563000000000000000e+03 2.631906461011314313e+00
5.564000000000000000e+03 2.635589087859285584e+00
5.565000000000000000e+03 2.639645158440620865e+00
5.566000000000000000e+03 2.644730436242995975e+00
5.567000000000000000e+03 2.650844220251475924e+00
5.568000000000000000e+03 2.653436458026590117e+00
5.569000000000000000e+03 2.659837139058588651e+00
5.570000000000000000e+03 2.664692704464733719e+00
5.571000000000000000e+03 2.668736270397385812e+00
5.572000000000000000e+03 2.672936025765282775e+00
5.573000000000000000e+03 2.676871974727015768e+00
5.574000000000000000e+03 2.682632559296713293e+00
5.575000000000000000e+03 2.684627398207314997e+00
5.576000000000000000e+03 2.687933158017000057e+00
5.577000000000000000e+03 2.691890750546906741e+00
5.578000000000000000e+03 2.697036736426480008e+00
5.579000000000000000e+03 2.701538569818497493e+00
5.580000000000000000e+03 2.706149432317675352e+00
5.581000000000000000e+03 2.712450885895206554e+00
5.582000000000000000e+03 2.717828699772221857e+00
5.583000000000000000e+03 2.719823531026477781e+00
5.584000000000000000e+03 2.723969426764534685e+00
5.585000000000000000e+03 2.728570304164995353e+00
5.586000000000000000e+03 2.734069529296344836e+00
5.587000000000000000e+03 2.737604317025030820e+00
5.588000000000000000e+03 2.742367586418842151e+00
5.589000000000000000e+03 2.748375217043289798e+00
5.590000000000000000e+03 2.751917814549988517e+00
5.591000000000000000e+03 2.755919165847083629e+00
5.592000000000000000e+03 2.758876324006206193e+00
5.593000000000000000e+03 2.764292459114285005e+00
5.594000000000000000e+03 2.770997493636095044e+00
5.595000000000000000e+03 2.773864129911114418e+00
5.596000000000000000e+03 2.777092831366018810e+00
5.597000000000000000e+03 2.781040396840433804e+00
5.598000000000000000e+03 2.785531380885522434e+00
5.599000000000000000e+03 2.790491353416566067e+00
5.600000000000000000e+03 2.795154176772062460e+00
5.601000000000000000e+03 2.799048003893136016e+00
5.602000000000000000e+03 2.803739295376367124e+00
5.603000000000000000e+03 2.806829131866926286e+00
5.604000000000000000e+03 2.812710076627933375e+00
5.605000000000000000e+03 2.815391989801661055e+00
5.606000000000000000e+03 2.821142229730683848e+00
5.607000000000000000e+03 2.827020757230490844e+00
5.608000000000000000e+03 2.831753922182546290e+00
5.609000000000000000e+03 2.838055736527047568e+00
5.610000000000000000e+03 2.843292908248950202e+00
5.611000000000000000e+03 2.847861050181303089e+00
5.612000000000000000e+03 2.853330490599859548e+00
5.613000000000000000e+03 2.855983990771539638e+00
5.614000000000000000e+03 2.858109188753594321e+00
5.615000000000000000e+03 2.862902229385033248e+00
5.616000000000000000e+03 2.867612596192111507e+00
5.617000000000000000e+03 2.871811122563531882e+00
5.618000000000000000e+03 2.875093501121016804e+00
5.619000000000000000e+03 2.881138715823644336e+00
5.620000000000000000e+03 2.887519427576965558e+00
5.621000000000000000e+03 2.891460863687935312e+00
5.622000000000000000e+03 2.897559056621984208e+00
5.623000000000000000e+03 2.899548187880617078e+00
5.624000000000000000e+03 2.902701256592150170e+00
5.625000000000000000e+03 2.910629980213454981e+00
5.626000000000000000e+03 2.913475982332812020e+00
5.627000000000000000e+03 2.917624663142875274e+00
5.628000000000000000e+03 2.920781106158718998e+00
5.629000000000000000e+03 2.926879689260101447e+00
5.630000000000000000e+03 2.929588205475950335e+00
5.631000000000000000e+03 2.936027703870162764e+00
5.632000000000000000e+03 2.941638663554697164e+00
5.633000000000000000e+03 2.949994200533142763e+00
5.634000000000000000e+03 2.952971857177498549e+00
5.635000000000000000e+03 2.956513815226276432e+00
5.636000000000000000e+03 2.961312328919282866e+00
5.637000000000000000e+03 2.966065056444973980e+00
5.638000000000000000e+03 2.972810159988258150e+00
5.639000000000000000e+03 2.976645166168017553e+00
5.640000000000000000e+03 2.980647989933354225e+00
5.641000000000000000e+03 2.983667586809867434e+00
5.642000000000000000e+03 2.989669628302563442e+00
5.643000000000000000e+03 2.992759236021538261e+00
5.644000000000000000e+03 2.997494491768252001e+00
5.645000000000000000e+03 3.001528557401938357e+00
5.646000000000000000e+03 3.005063150046954679e+00
5.647000000000000000e+03 3.010477411494319355e+00
5.648000000000000000e+03 3.014357387981279501e+00
5.649000000000000000e+03 3.019125508435200000e+00
5.650000000000000000e+03 3.024570495100762813e+00
5.651000000000000000e+03 3.028871157112685619e+00
5.652000000000000000e+03 3.031371215251905227e+00
5.653000000000000000e+03 3.035220062265658658e+00
5.654000000000000000e+03 3.042082509706629079e+00
5.655000000000000000e+03 3.044363044513366034e+00
5.656000000000000000e+03 3.049194779392995880e+00
5.657000000000000000e+03 3.056598451402450678e+00
5.658000000000000000e+03 3.060962495699707464e+00
5.659000000000000000e+03 3.067133118881194331e+00
5.660000000000000000e+03 3.070173240887023258e+00
5.661000000000000000e+03 3.074888334721422201e+00
5.662000000000000000e+03 3.078084600836938023e+00
5.663000000000000000e+03 3.083982879256467413e+00
5.664000000000000000e+03 3.088804367496637227e+00
5.665000000000000000e+03 3.093135749826695591e+00
5.666000000000000000e+03 3.099313995052624282e+00
5.667000000000000000e+03 3.106396038101971069e+00
5.668000000000000000e+03 3.112307312707527363e+00
5.669000000000000000e+03 3.116409710912883213e+00
5.670000000000000000e+03 3.119129685614456360e+00
5.671000000000000000e+03 3.124387254757839738e+00
5.672000000000000000e+03 3.129252572816078715e+00
5.673000000000000000e+03 3.134376190837253162e+00
5.674000000000000000e+03 3.137919440052030051e+00
5.675000000000000000e+03 3.144281618244463061e+00
5.676000000000000000e+03 3.148410604791754608e+00
5.677000000000000000e+03 3.154891153750851274e+00
5.678000000000000000e+03 3.159958746315350009e+00
5.679000000000000000e+03 3.165209487224130314e+00
5.680000000000000000e+03 3.168612836030483937e+00
5.681000000000000000e+03 3.171165138617032753e+00
5.682000000000000000e+03 3.175042791862709546e+00
5.683000000000000000e+03 3.176679519329917323e+00
5.684000000000000000e+03 3.182285805581547056e+00
5.685000000000000000e+03 3.188354383161151606e+00
5.686000000000000000e+03 3.193274313008548138e+00
5.687000000000000000e+03 3.197689311812148549e+00
5.688000000000000000e+03 3.205924123544760196e+00
5.689000000000000000e+03 3.208558673037882780e+00
5.690000000000000000e+03 3.212477294466169919e+00
5.691000000000000000e+03 3.216331994602446454e+00
5.692000000000000000e+03 3.220946485902838941e+00
5.693000000000000000e+03 3.226571961404732125e+00
5.694000000000000000e+03 3.231108080521560399e+00
5.695000000000000000e+03 3.236077222903722461e+00
5.696000000000000000e+03 3.241335670382989864e+00
5.697000000000000000e+03 3.246454148240476290e+00
5.698000000000000000e+03 3.250369808807080929e+00
5.699000000000000000e+03 3.253315444167179660e+00
5.700000000000000000e+03 3.259380532291049182e+00
5.701000000000000000e+03 3.261569020682294706e+00
5.702000000000000000e+03 3.264394421415138137e+00
5.703000000000000000e+03 3.268188182558856791e+00
5.704000000000000000e+03 3.274319769406669689e+00
5.705000000000000000e+03 3.279455544478478313e+00
5.706000000000000000e+03 3.284243305600753171e+00
5.707000000000000000e+03 3.289580511143367136e+00
5.708000000000000000e+03 3.294311498324687282e+00
5.709000000000000000e+03 3.295475000590947889e+00
5.710000000000000000e+03 3.299993107697101191e+00
5.711000000000000000e+03 3.305830815853640914e+00
5.712000000000000000e+03 3.311584733584481910e+00
5.713000000000000000e+03 3.314051051130643355e+00
5.714000000000000000e+03 3.318306364918184759e+00
5.715000000000000000e+03 3.324754317448395113e+00
5.716000000000000000e+03 3.328097300569293981e+00
5.717000000000000000e+03 3.332661838813247623e+00
5.718000000000000000e+03 3.335591396461639047e+00
5.719000000000000000e+03 3.341953465627720110e+00
5.720000000000000000e+03 3.346882420774445421e+00
5.721000000000000000e+03 3.350132572245124507e+00
5.722000000000000000e+03 3.353609847042449132e+00
5.723000000000000000e+03 3.359264077938132420e+00
5.724000000000000000e+03 3.364257914788767234e+00
5.725000000000000000e+03 3.367519009320030232e+00
5.726000000000000000e+03 3.371928497392855828e+00
5.727000000000000000e+03 3.377839091502477853e+00
5.728000000000000000e+03 3.381376050264313093e+00
5.729000000000000000e+03 3.386429434490266122e+00
5.730000000000000000e+03 3.390541611991787274e+00
5.731000000000000000e+03 3.395809354273721770e+00
5.732000000000000000e+03 3.402006427982943393e+00
5.733000000000000000e+03 3.405727929768840756e+00
5.734000000000000000e+03 3.411792546261864789e+00
5.735000000000000000e+03 3.417354681741447298e+00
5.736000000000000000e+03 3.423687737035538081e+00
5.737000000000000000e+03 3.427914602295588864e+00
5.738000000000000000e+03 3.431060979667961419e+00
5.739000000000000000e+03 3.433360809688778659e+00
5.740000000000000000e+03 3.437711154028784133e+00
5.741000000000000000e+03 3.441462807725773398e+00
5.742000000000000000e+03 3.447441622930684790e+00
5.743000000000000000e+03 3.450236993641446315e+00
5.744000000000000000e+03 3.454850756670316603e+00
5.745000000000000000e+03 3.462402448488799411e+00
5.746000000000000000e+03 3.465719314286090924e+00
5.747000000000000000e+03 3.471941645970769486e+00
5.748000000000000000e+03 3.475796966577235469e+00
5.749000000000000000e+03 3.478389303272322763e+00
5.750000000000000000e+03 3.483759844540478934e+00
5.751000000000000000e+03 3.490695108108665679e+00
5.752000000000000000e+03 3.492094115867933279e+00
5.753000000000000000e+03 3.495712294361111194e+00
5.754000000000000000e+03 3.500890069690820283e+00
5.755000000000000000e+03 3.505068492950655479e+00
5.756000000000000000e+03 3.509004472231512128e+00
5.757000000000000000e+03 3.515031111416483167e+00
5.758000000000000000e+03 3.521942579677340035e+00
5.759000000000000000e+03 3.529181760323683026e+00
5.760000000000000000e+03 3.532506154451755975e+00
5.761000000000000000e+03 3.536412312575616834e+00
5.762000000000000000e+03 3.542910200399546294e+00
5.763000000000000000e+03 3.549286343152506351e+00
5.764000000000000000e+03 3.553448344471366926e+00
5.765000000000000000e+03 3.558264849962298637e+00
5.766000000000000000e+03 3.560400366247195247e+00
5.767000000000000000e+03 3.566736441816210412e+00
5.768000000000000000e+03 3.571071437328537712e+00
5.769000000000000000e+03 3.575407188062723396e+00
5.770000000000000000e+03 3.581669509755391889e+00
5.771000000000000000e+03 3.584729589095998037e+00
5.772000000000000000e+03 3.587548356371657032e+00
5.773000000000000000e+03 3.592210778840935870e+00
5.774000000000000000e+03 3.596212779702327555e+00
5.775000000000000000e+03 3.600822247827979883e+00
5.776000000000000000e+03 3.606821448510475037e+00
5.777000000000000000e+03 3.609210527624620912e+00
5.778000000000000000e+03 3.613543540449883906e+00
5.779000000000000000e+03 3.618054089212385360e+00
5.780000000000000000e+03 3.622765017995181580e+00
5.781000000000000000e+03 3.625026767194154065e+00
5.782000000000000000e+03 3.631778615364755325e+00
5.783000000000000000e+03 3.637482346673766909e+00
5.784000000000000000e+03 3.641900518879188642e+00
5.785000000000000000e+03 3.648672600012984102e+00
5.786000000000000000e+03 3.652463566284571694e+00
5.787000000000000000e+03 3.656436978966743911e+00
5.788000000000000000e+03 3.661014029515733181e+00
5.789000000000000000e+03 3.667026890342480971e+00
5.790000000000000000e+03 3.671903111648315399e+00
5.791000000000000000e+03 3.677281921768923212e+00
5.792000000000000000e+03 3.684167093853960129e+00
5.793000000000000000e+03 3.689635426246285377e+00
5.794000000000000000e+03 3.696123750989223300e+00
5.795000000000000000e+03 3.700525836907828658e+00
5.796000000000000000e+03 3.704098007505952861e+00
5.797000000000000000e+03 3.708811520458262567e+00
5.798000000000000000e+03 3.713387470943624979e+00
5.799000000000000000e+03 3.718871629307035409e+00
5.800000000000000000e+03 3.723393051304265455e+00
5.801000000000000000e+03 3.729440967165356557e+00
5.802000000000000000e+03 3.733591897409546778e+00
5.803000000000000000e+03 3.740672008609955856e+00
5.804000000000000000e+03 3.745966409059697355e+00
5.805000000000000000e+03 3.748589788864418626e+00
5.806000000000000000e+03 3.752967349366644445e+00
5.807000000000000000e+03 3.755433184869332752e+00
5.808000000000000000e+03 3.757410582320078518e+00
5.809000000000000000e+03 3.761890339713564568e+00
5.810000000000000000e+03 3.768065522401549572e+00
5.811000000000000000e+03 3.771568878384530255e+00
5.812000000000000000e+03 3.777677014766781749e+00
5.813000000000000000e+03 3.781128868049126179e+00
5.814000000000000000e+03 3.789104606834222011e+00
5.815000000000000000e+03 3.792954782989442553e+00
5.816000000000000000e+03 3.795328641902507183e+00
5.817000000000000000e+03 3.799846418867065978e+00
5.818000000000000000e+03 3.805991458219063706e+00
5.819000000000000000e+03 3.811597990698743832e+00
5.820000000000000000e+03 3.815557689335992819e+00
5.821000000000000000e+03 3.820627781543964208e+00
5.822000000000000000e+03 3.827408641749034057e+00
5.823000000000000000e+03 3.829404298663521278e+00
5.824000000000000000e+03 3.832547258856055183e+00
5.825000000000000000e+03 3.838662342911893344e+00
5.826000000000000000e+03 3.841977981856485869e+00
5.827000000000000000e+03 3.844696583928553846e+00
5.828000000000000000e+03 3.849245937496865277e+00
5.829000000000000000e+03 3.854315456397729989e+00
5.830000000000000000e+03 3.858029330626616460e+00
5.831000000000000000e+03 3.863985071445630748e+00
5.832000000000000000e+03 3.867024767758681758e+00
5.833000000000000000e+03 3.873553291374702834e+00
5.834000000000000000e+03 3.876574722098935055e+00
5.835000000000000000e+03 3.880419508799883843e+00
5.836000000000000000e+03 3.884042935258085638e+00
5.837000000000000000e+03 3.888372872070231967e+00
5.838000000000000000e+03 3.895980980125235860e+00
5.839000000000000000e+03 3.897462770735212079e+00
5.840000000000000000e+03 3.905614893943280652e+00
5.841000000000000000e+03 3.909439707384250173e+00
5.842000000000000000e+03 3.913370284348169914e+00
5.843000000000000000e+03 3.916692994692880792e+00
5.844000000000000000e+03 3.921058149466393861e+00
5.845000000000000000e+03 3.927535686113162949e+00
5.846000000000000000e+03 3.931043839255586203e+00
5.847000000000000000e+03 3.936850012458890546e+00
5.848000000000000000e+03 3.940591051399360722e+00
5.849000000000000000e+03 3.946729747010257583e+00
5.850000000000000000e+03 3.951633881511945390e+00
5.851000000000000000e+03 3.955825356083494171e+00
5.852000000000000000e+03 3.958538710190533383e+00
5.853000000000000000e+03 3.964746331892946785e+00
5.854000000000000000e+03 3.970217848712232822e+00
5.855000000000000000e+03 3.976365318494342826e+00
5.856000000000000000e+03 3.980419546652848695e+00
5.857000000000000000e+03 3.985496012002284871e+00
5.858000000000000000e+03 3.991653474845716421e+00
5.859000000000000000e+03 3.996132003548973799e+00
5.860000000000000000e+03 4.000312629998611591e+00
5.861000000000000000e+03 4.007830696375460633e+00
5.862000000000000000e+03 4.011201944271570952e+00
5.863000000000000000e+03 4.017799505455495357e+00
5.864000000000000000e+03 4.021129645517258488e+00
5.865000000000000000e+03 4.021911237051489785e+00
5.866000000000000000e+03 4.029408708473160239e+00
5.867000000000000000e+03 4.032631698907299445e+00
5.868000000000000000e+03 4.038020151122377221e+00
5.869000000000000000e+03 4.039952697704906726e+00
5.870000000000000000e+03 4.046548165950394349e+00
5.871000000000000000e+03 4.053241634185146047e+00
5.872000000000000000e+03 4.057344271880965358e+00
5.873000000000000000e+03 4.061824336140753999e+00
5.874000000000000000e+03 4.064705186573145390e+00
5.875000000000000000e+03 4.068450635568254370e+00
5.876000000000000000e+03 4.075431886206241749e+00
5.877000000000000000e+03 4.079572441184374121e+00
5.878000000000000000e+03 4.082897513358348718e+00
5.879000000000000000e+03 4.084528820133394689e+00
5.880000000000000000e+03 4.090912172713184525e+00
5.881000000000000000e+03 4.094073701073285498e+00
5.882000000000000000e+03 4.100870232897535494e+00
5.883000000000000000e+03 4.106061403155706557e+00
5.884000000000000000e+03 4.113353652072089695e+00
5.885000000000000000e+03 4.117556079504346656e+00
5.886000000000000000e+03 4.121154474002394430e+00
5.887000000000000000e+03 4.125602139060745799e+00
5.888000000000000000e+03 4.131477445995646924e+00
5.889000000000000000e+03 4.138488638454625779e+00
5.890000000000000000e+03 4.141478024619313025e+00
5.891000000000000000e+03 4.146201150878241926e+00
5.892000000000000000e+03 4.149318620954940862e+00
5.893000000000000000e+03 4.155212748410535895e+00
5.894000000000000000e+03 4.158439413277704055e+00
5.895000000000000000e+03 4.163880604233738403e+00
5.896000000000000000e+03 4.169056411576563370e+00
5.897000000000000000e+03 4.170466938766060672e+00
5.898000000000000000e+03 4.176732532474268567e+00
5.899000000000000000e+03 4.181885615785531307e+00
5.900000000000000000e+03 4.187054571618463505e+00
5.901000000000000000e+03 4.191612288977903944e+00
5.902000000000000000e+03 4.197951649425115228e+00
5.903000000000000000e+03 4.199875960843107769e+00
5.904000000000000000e+03 4.204243508683769726e+00
5.905000000000000000e+03 4.210186784360832490e+00
5.906000000000000000e+03 4.213293592517929120e+00
5.907000000000000000e+03 4.216532857891222896e+00
5.908000000000000000e+03 4.222613648872154180e+00
5.909000000000000000e+03 4.229167840843716775e+00
5.910000000000000000e+03 4.234484904074254707e+00
5.911000000000000000e+03 4.238730594755061531e+00
5.912000000000000000e+03 4.243389284603089173e+00
5.913000000000000000e+03 4.248422227000760110e+00
5.914000000000000000e+03 4.254377916369135093e+00
5.915000000000000000e+03 4.258655393743791429e+00
5.916000000000000000e+03 4.262307214216304985e+00
5.917000000000000000e+03 4.268462693760161741e+00
5.918000000000000000e+03 4.276240456617249386e+00
5.919000000000000000e+03 4.282054308828208811e+00
5.920000000000000000e+03 4.285845226099187499e+00
5.921000000000000000e+03 4.291214789192721923e+00
5.922000000000000000e+03 4.296910712867497040e+00
5.923000000000000000e+03 4.300557266999762263e+00
5.924000000000000000e+03 4.305086794309917586e+00
5.925000000000000000e+03 4.309739963627047032e+00
5.926000000000000000e+03 4.315942339814466955e+00
5.927000000000000000e+03 4.322273278282323439e+00
5.928000000000000000e+03 4.328677791161802624e+00
5.929000000000000000e+03 4.331504898340790000e+00
5.930000000000000000e+03 4.338799250608235347e+00
5.931000000000000000e+03 4.341323628973795756e+00
5.932000000000000000e+03 4.345854635489776463e+00
5.933000000000000000e+03 4.349075354133266735e+00
5.934000000000000000e+03 4.350313254633852544e+00
5.935000000000000000e+03 4.355319365524068509e+00
5.936000000000000000e+03 4.362000976224394755e+00
5.937000000000000000e+03 4.364905334085553257e+00
5.938000000000000000e+03 4.370199935437776517e+00
5.939000000000000000e+03 4.377732001900596970e+00
5.940000000000000000e+03 4.382806538463632329e+00
5.941000000000000000e+03 4.385512192125264441e+00
5.942000000000000000e+03 4.388764482472443440e+00
5.943000000000000000e+03 4.392563452993208273e+00
5.944000000000000000e+03 4.399089375902003773e+00
5.945000000000000000e+03 4.403351082431251839e+00
5.946000000000000000e+03 4.410010967487393074e+00
5.947000000000000000e+03 4.414782562696864865e+00
5.948000000000000000e+03 4.421116665991438488e+00
5.949000000000000000e+03 4.423330941564697305e+00
5.950000000000000000e+03 4.428594415281243535e+00
5.951000000000000000e+03 4.434827752502285669e+00
5.952000000000000000e+03 4.437686956303964259e+00
5.953000000000000000e+03 4.441279615893447996e+00
5.954000000000000000e+03 4.445258782471916525e+00
5.955000000000000000e+03 4.451302133926457572e+00
5.956000000000000000e+03 4.455044684535658384e+00
5.957000000000000000e+03 4.459481115592313749e+00
5.958000000000000000e+03 4.465491016169885974e+00
5.959000000000000000e+03 4.470650976716362024e+00
5.960000000000000000e+03 4.472882836770002868e+00
5.961000000000000000e+03 4.477789841482252342e+00
5.962000000000000000e+03 4.483751684714372132e+00
5.963000000000000000e+03 4.488278884495690235e+00
5.964000000000000000e+03 4.492694204253269596e+00
5.965000000000000000e+03 4.495789402329009476e+00
5.966000000000000000e+03 4.502659958145444286e+00
5.967000000000000000e+03 4.506251793299721697e+00
5.968000000000000000e+03 4.512785969135772568e+00
5.969000000000000000e+03 4.514182975220236038e+00
5.970000000000000000e+03 4.521387955280318671e+00
5.971000000000000000e+03 4.526538403583937331e+00
5.972000000000000000e+03 4.530325254417031822e+00
5.973000000000000000e+03 4.534177412034307686e+00
5.974000000000000000e+03 4.539525797065434354e+00
5.975000000000000000e+03 4.544724239626215301e+00
5.976000000000000000e+03 4.549618836159726065e+00
5.977000000000000000e+03 4.552881245132279986e+00
5.978000000000000000e+03 4.558107070457344534e+00
5.979000000000000000e+03 4.562581951065404873e+00
5.980000000000000000e+03 4.566166549442512768e+00
5.981000000000000000e+03 4.573925807832831758e+00
5.982000000000000000e+03 4.578424601349681211e+00
5.983000000000000000e+03 4.585288406107467019e+00
5.984000000000000000e+03 4.588816781800452382e+00
5.985000000000000000e+03 4.593813557462505415e+00
5.986000000000000000e+03 4.601489758598705571e+00
5.987000000000000000e+03 4.607437064575703900e+00
5.988000000000000000e+03 4.611499926028682417e+00
5.989000000000000000e+03 4.615903407852081308e+00
5.990000000000000000e+03 4.619288892262088275e+00
5.991000000000000000e+03 4.622014603709745373e+00
5.992000000000000000e+03 4.628201331553275288e+00
5.993000000000000000e+03 4.633188115991532463e+00
5.994000000000000000e+03 4.637566872721081701e+00
5.995000000000000000e+03 4.641340810669179362e+00
5.996000000000000000e+03 4.648616515143070949e+00
5.997000000000000000e+03 4.653479542422924276e+00
5.998000000000000000e+03 4.656661687788476556e+00
5.999000000000000000e+03 4.661096440574339361e+00
