# time(ps)	msd(nm^2)	#D_bar=1.8064304879843722e-09,D_std=1.6087705322365613e-10
5.000000000000000000e+03 0.000000000000000000e+00
5.001000000000000000e+03 1.319425351759906384e-02
5.002000000000000000e+03 2.189359705697083505e-02
5.003000000000000000e+03 2.973558947965792079e-02
5.004000000000000000e+03 3.797216145857248287e-02
5.005000000000000000e+03 4.540705150641564242e-02
5.006000000000000000e+03 5.349158217677090627e-02
5.007000000000000000e+03 6.163002667852773148e-02
5.008000000000000000e+03 6.911420606968982083e-02
5.009000000000000000e+03 7.642607741988791115e-02
5.010000000000000000e+03 8.320132191697600377e-02
5.011000000000000000e+03 9.131284619222923560e-02
5.012000000000000000e+03 9.891208242246507520e-02
5.013000000000000000e+03 1.062967991395991213e-01
5.014000000000000000e+03 1.136374300401344212e-01
5.015000000000000000e+03 1.212692291150090501e-01
5.016000000000000000e+03 1.281250048729953572e-01
5.017000000000000000e+03 1.352658777385370159e-01
5.018000000000000000e+03 1.425145342913840818e-01
5.019000000000000000e+03 1.500821203521666147e-01
5.020000000000000000e+03 1.575028997090179572e-01
5.021000000000000000e+03 1.648645334000510831e-01
5.022000000000000000e+03 1.723039923578024435e-01
5.023000000000000000e+03 1.800232725230016817e-01
5.024000000000000000e+03 1.870438315834361820e-01
5.025000000000000000e+03 1.942354279372582315e-01
5.026000000000000000e+03 2.010447037616850396e-01
5.027000000000000000e+03 2.087272834427366386e-01
5.028000000000000000e+03 2.157859299742602988e-01
5.029000000000000000e+03 2.229622455061744946e-01
5.030000000000000000e+03 2.300739139382889376e-01
5.031000000000000000e+03 2.382338123562735277e-01
5.032000000000000000e+03 2.456491740812638547e-01
5.033000000000000000e+03 2.523938727182996611e-01
5.034000000000000000e+03 2.597880187716981593e-01
5.035000000000000000e+03 2.665144837990087168e-01
5.036000000000000000e+03 2.749552897854485867e-01
5.037000000000000000e+03 2.818362561335976957e-01
5.038000000000000000e+03 2.886492861229467688e-01
5.039000000000000000e+03 2.968593186956949848e-01
5.040000000000000000e+03 3.040271067691478479e-01
5.041000000000000000e+03 3.121067261314473540e-01
5.042000000000000000e+03 3.207241483854103570e-01
5.043000000000000000e+03 3.277837805968571439e-01
5.044000000000000000e+03 3.352319096467531456e-01
5.045000000000000000e+03 3.415651314711087294e-01
5.046000000000000000e+03 3.496247031603134103e-01
5.047000000000000000e+03 3.567375704884476195e-01
5.048000000000000000e+03 3.646110163279236982e-01
5.049000000000000000e+03 3.713660015464085862e-01
5.050000000000000000e+03 3.777905348519250972e-01
5.051000000000000000e+03 3.848624537117904532e-01
5.052000000000000000e+03 3.922879954101818889e-01
5.053000000000000000e+03 3.988297569561045641e-01
5.054000000000000000e+03 4.055942246473768775e-01
5.055000000000000000e+03 4.135359078838977687e-01
5.056000000000000000e+03 4.211525480004030819e-01
5.057000000000000000e+03 4.280673090225167177e-01
5.058000000000000000e+03 4.355732208199175060e-01
5.059000000000000000e+03 4.431562177865884244e-01
5.060000000000000000e+03 4.500861982736450440e-01
5.061000000000000000e+03 4.567518290430241934e-01
5.062000000000000000e+03 4.635017097022073318e-01
5.063000000000000000e+03 4.698589317632657636e-01
5.064000000000000000e+03 4.778712057624088239e-01
5.065000000000000000e+03 4.847130235324832448e-01
5.066000000000000000e+03 4.912439631632383175e-01
5.067000000000000000e+03 4.976671246084570233e-01
5.068000000000000000e+03 5.058129550160346266e-01
5.069000000000000000e+03 5.115796138443469143e-01
5.070000000000000000e+03 5.186527018623339202e-01
5.071000000000000000e+03 5.256613927437948641e-01
5.072000000000000000e+03 5.330299973436313232e-01
5.073000000000000000e+03 5.402057854272667159e-01
5.074000000000000000e+03 5.470248352022741845e-01
5.075000000000000000e+03 5.554009947589194640e-01
5.076000000000000000e+03 5.629988435125951041e-01
5.077000000000000000e+03 5.698728915988445776e-01
5.078000000000000000e+03 5.771038235393480820e-01
5.079000000000000000e+03 5.849645931484686034e-01
5.080000000000000000e+03 5.929180003841152402e-01
5.081000000000000000e+03 6.000880273554268785e-01
5.082000000000000000e+03 6.083300194078536949e-01
5.083000000000000000e+03 6.142462755352502413e-01
5.084000000000000000e+03 6.215997998764951626e-01
5.085000000000000000e+03 6.289862609249763370e-01
5.086000000000000000e+03 6.353916144711192482e-01
5.087000000000000000e+03 6.426700036658700155e-01
5.088000000000000000e+03 6.507768827859742311e-01
5.089000000000000000e+03 6.586416857200322328e-01
5.090000000000000000e+03 6.644307964042928116e-01
5.091000000000000000e+03 6.708146543457456090e-01
5.092000000000000000e+03 6.782369509539046826e-01
5.093000000000000000e+03 6.853359928906247456e-01
5.094000000000000000e+03 6.921611482634258961e-01
5.095000000000000000e+03 6.998425391758362757e-01
5.096000000000000000e+03 7.064247034454677054e-01
5.097000000000000000e+03 7.132801596241186148e-01
5.098000000000000000e+03 7.203850856447856499e-01
5.099000000000000000e+03 7.259664200520132837e-01
5.100000000000000000e+03 7.327004504626416503e-01
5.101000000000000000e+03 7.388875123694820246e-01
5.102000000000000000e+03 7.461850142200631142e-01
5.103000000000000000e+03 7.539747113847550253e-01
5.104000000000000000e+03 7.625000532499081052e-01
5.105000000000000000e+03 7.688917514827416921e-01
5.106000000000000000e+03 7.753020052367664006e-01
5.107000000000000000e+03 7.827479963018121323e-01
5.108000000000000000e+03 7.893236135951992027e-01
5.109000000000000000e+03 7.959767259976276987e-01
5.110000000000000000e+03 8.038395439655920960e-01
5.111000000000000000e+03 8.109921230880203780e-01
5.112000000000000000e+03 8.161595865497840441e-01
5.113000000000000000e+03 8.205830977687685879e-01
5.114000000000000000e+03 8.268929259683269750e-01
5.115000000000000000e+03 8.351175259368740500e-01
5.116000000000000000e+03 8.407907072620582900e-01
5.117000000000000000e+03 8.486744617415976633e-01
5.118000000000000000e+03 8.570104138035824493e-01
5.119000000000000000e+03 8.629160967421541928e-01
5.120000000000000000e+03 8.697499939233669375e-01
5.121000000000000000e+03 8.774565668060726464e-01
5.122000000000000000e+03 8.848320426644050718e-01
5.123000000000000000e+03 8.916837493939363535e-01
5.124000000000000000e+03 8.992895785215034854e-01
5.125000000000000000e+03 9.063771021505270253e-01
5.126000000000000000e+03 9.132529381184263384e-01
5.127000000000000000e+03 9.203056171761928583e-01
5.128000000000000000e+03 9.286537679613687812e-01
5.129000000000000000e+03 9.345259965368025723e-01
5.130000000000000000e+03 9.415804943995097487e-01
5.131000000000000000e+03 9.474277801447700265e-01
5.132000000000000000e+03 9.554693609205512361e-01
5.133000000000000000e+03 9.632783325729666890e-01
5.134000000000000000e+03 9.700846575165127383e-01
5.135000000000000000e+03 9.761416276089823763e-01
5.136000000000000000e+03 9.845848339128639992e-01
5.137000000000000000e+03 9.910801917610876366e-01
5.138000000000000000e+03 9.973817617925168078e-01
5.139000000000000000e+03 1.005277596765196790e+00
5.140000000000000000e+03 1.011825023870472018e+00
5.141000000000000000e+03 1.020457084076877408e+00
5.142000000000000000e+03 1.026880431268001104e+00
5.143000000000000000e+03 1.033172109350722900e+00
5.144000000000000000e+03 1.039787156830295656e+00
5.145000000000000000e+03 1.046998278382429426e+00
5.146000000000000000e+03 1.055025134105162632e+00
5.147000000000000000e+03 1.062632434356795441e+00
5.148000000000000000e+03 1.070752939000770620e+00
5.149000000000000000e+03 1.078444128576626193e+00
5.150000000000000000e+03 1.086605468045773071e+00
5.151000000000000000e+03 1.092916625534565478e+00
5.152000000000000000e+03 1.101136739048873325e+00
5.153000000000000000e+03 1.108927100652025821e+00
5.154000000000000000e+03 1.116401276132836795e+00
5.155000000000000000e+03 1.123306732697245236e+00
5.156000000000000000e+03 1.131159761381829609e+00
5.157000000000000000e+03 1.139503522708824823e+00
5.158000000000000000e+03 1.146390052981774321e+00
5.159000000000000000e+03 1.152227094562034315e+00
5.160000000000000000e+03 1.159392353574074219e+00
5.161000000000000000e+03 1.167249952721173267e+00
5.162000000000000000e+03 1.174619304015427357e+00
5.163000000000000000e+03 1.180459580378154572e+00
5.164000000000000000e+03 1.186426755622306040e+00
5.165000000000000000e+03 1.194539894956662573e+00
5.166000000000000000e+03 1.201871668885293509e+00
5.167000000000000000e+03 1.211159658493853764e+00
5.168000000000000000e+03 1.217363699555552126e+00
5.169000000000000000e+03 1.224974066366945058e+00
5.170000000000000000e+03 1.231925776341855183e+00
5.171000000000000000e+03 1.239560087058021454e+00
5.172000000000000000e+03 1.246698605256631120e+00
5.173000000000000000e+03 1.253964375068344461e+00
5.174000000000000000e+03 1.263622866118052190e+00
5.175000000000000000e+03 1.270895210840050416e+00
5.176000000000000000e+03 1.277607746264453281e+00
5.177000000000000000e+03 1.285249322717241016e+00
5.178000000000000000e+03 1.291751097148494010e+00
5.179000000000000000e+03 1.298048053424800230e+00
5.180000000000000000e+03 1.304692992595073653e+00
5.181000000000000000e+03 1.312986483163664841e+00
5.182000000000000000e+03 1.320630280321106964e+00
5.183000000000000000e+03 1.328141823713777869e+00
5.184000000000000000e+03 1.335850797068542262e+00
5.185000000000000000e+03 1.341851688596112924e+00
5.186000000000000000e+03 1.348767462819878915e+00
5.187000000000000000e+03 1.355257294675873858e+00
5.188000000000000000e+03 1.361543743423811570e+00
5.189000000000000000e+03 1.368259775654041777e+00
5.190000000000000000e+03 1.376797178015274348e+00
5.191000000000000000e+03 1.383399282448023015e+00
5.192000000000000000e+03 1.388897046040932004e+00
5.193000000000000000e+03 1.395180323914537057e+00
5.194000000000000000e+03 1.403115063892831360e+00
5.195000000000000000e+03 1.409356745815977474e+00
5.196000000000000000e+03 1.415132173768277823e+00
5.197000000000000000e+03 1.423859051384041896e+00
5.198000000000000000e+03 1.430172487507122447e+00
5.199000000000000000e+03 1.437016863767274666e+00
5.200000000000000000e+03 1.446039437938448913e+00
5.201000000000000000e+03 1.454265757138935244e+00
5.202000000000000000e+03 1.461854947061699717e+00
5.203000000000000000e+03 1.467587617172392944e+00
5.204000000000000000e+03 1.475349670769692034e+00
5.205000000000000000e+03 1.482762698533469647e+00
5.206000000000000000e+03 1.490445141971652232e+00
5.207000000000000000e+03 1.499097206661622161e+00
5.208000000000000000e+03 1.507114080345790086e+00
5.209000000000000000e+03 1.513752863925614145e+00
5.210000000000000000e+03 1.520439244842198834e+00
5.211000000000000000e+03 1.526537314875528573e+00
5.212000000000000000e+03 1.532483777080425158e+00
5.213000000000000000e+03 1.540695311030524373e+00
5.214000000000000000e+03 1.549957365686637667e+00
5.215000000000000000e+03 1.558242057341804321e+00
5.216000000000000000e+03 1.563004867472898907e+00
5.217000000000000000e+03 1.570257360678547931e+00
5.218000000000000000e+03 1.577382443119219380e+00
5.219000000000000000e+03 1.584506947294334500e+00
5.220000000000000000e+03 1.592232301335184452e+00
5.221000000000000000e+03 1.599472121145113723e+00
5.222000000000000000e+03 1.607199001147331829e+00
5.223000000000000000e+03 1.613249011025301938e+00
5.224000000000000000e+03 1.620996265765963562e+00
5.225000000000000000e+03 1.628570777845237849e+00
5.226000000000000000e+03 1.633209260057382650e+00
5.227000000000000000e+03 1.641719253043618432e+00
5.228000000000000000e+03 1.648553814663290540e+00
5.229000000000000000e+03 1.656548471405451695e+00
5.230000000000000000e+03 1.665024588750235290e+00
5.231000000000000000e+03 1.670280179676429944e+00
5.232000000000000000e+03 1.677755993679390656e+00
5.233000000000000000e+03 1.684650015841301363e+00
5.234000000000000000e+03 1.690348695894365205e+00
5.235000000000000000e+03 1.696148925357393589e+00
5.236000000000000000e+03 1.704649934096610364e+00
5.237000000000000000e+03 1.712048700862873529e+00
5.238000000000000000e+03 1.716578778177435538e+00
5.239000000000000000e+03 1.721014407719051675e+00
5.240000000000000000e+03 1.728699511797253008e+00
5.241000000000000000e+03 1.737152035495084901e+00
5.242000000000000000e+03 1.743971665494121304e+00
5.243000000000000000e+03 1.751039528506584730e+00
5.244000000000000000e+03 1.757054024427112005e+00
5.245000000000000000e+03 1.765200037488263263e+00
5.246000000000000000e+03 1.770821942017288153e+00
5.247000000000000000e+03 1.777093910418491296e+00
5.248000000000000000e+03 1.785778320665436958e+00
5.249000000000000000e+03 1.792354329138465596e+00
5.250000000000000000e+03 1.800276195338108787e+00
5.251000000000000000e+03 1.806408532914072440e+00
5.252000000000000000e+03 1.811864853523738939e+00
5.253000000000000000e+03 1.820208044625235333e+00
5.254000000000000000e+03 1.826669389326439186e+00
5.255000000000000000e+03 1.833062225536407963e+00
5.256000000000000000e+03 1.839685018063621946e+00
5.257000000000000000e+03 1.845944488301093145e+00
5.258000000000000000e+03 1.853473292044422793e+00
5.259000000000000000e+03 1.861054638583474974e+00
5.260000000000000000e+03 1.865911568906777118e+00
5.261000000000000000e+03 1.873844342988339351e+00
5.262000000000000000e+03 1.882688897953784357e+00
5.263000000000000000e+03 1.888101416545364231e+00
5.264000000000000000e+03 1.896155533417446470e+00
5.265000000000000000e+03 1.902484251006672400e+00
5.266000000000000000e+03 1.910903129544650803e+00
5.267000000000000000e+03 1.917458993142370671e+00
5.268000000000000000e+03 1.925195039220564119e+00
5.269000000000000000e+03 1.931932092279878610e+00
5.270000000000000000e+03 1.936816702453903583e+00
5.271000000000000000e+03 1.945147219953524242e+00
5.272000000000000000e+03 1.953604252061130753e+00
5.273000000000000000e+03 1.962255710860738800e+00
5.274000000000000000e+03 1.969593873541436446e+00
5.275000000000000000e+03 1.977619005393734142e+00
5.276000000000000000e+03 1.984799924373008784e+00
5.277000000000000000e+03 1.990912437026654658e+00
5.278000000000000000e+03 1.998958268105803571e+00
5.279000000000000000e+03 2.008292910241481710e+00
5.280000000000000000e+03 2.014715937273459101e+00
5.281000000000000000e+03 2.021996982572813462e+00
5.282000000000000000e+03 2.031433547465666400e+00
5.283000000000000000e+03 2.039105542748200328e+00
5.284000000000000000e+03 2.044957091681532724e+00
5.285000000000000000e+03 2.053557440876909279e+00
5.286000000000000000e+03 2.059327913887098127e+00
5.287000000000000000e+03 2.067406491907552102e+00
5.288000000000000000e+03 2.073318285185486776e+00
5.289000000000000000e+03 2.079329277084753347e+00
5.290000000000000000e+03 2.087232835046461954e+00
5.291000000000000000e+03 2.093256528997028632e+00
5.292000000000000000e+03 2.102116133297773803e+00
5.293000000000000000e+03 2.110808948495405346e+00
5.294000000000000000e+03 2.117521384140653939e+00
5.295000000000000000e+03 2.122714407558415672e+00
5.296000000000000000e+03 2.130498573989308309e+00
5.297000000000000000e+03 2.139335898676838266e+00
5.298000000000000000e+03 2.146190096174438899e+00
5.299000000000000000e+03 2.154014058820210575e+00
5.300000000000000000e+03 2.163059938020949868e+00
5.301000000000000000e+03 2.169874321162005071e+00
5.302000000000000000e+03 2.175881991487429890e+00
5.303000000000000000e+03 2.183834112623373347e+00
5.304000000000000000e+03 2.189911210686420695e+00
5.305000000000000000e+03 2.195765830096463755e+00
5.306000000000000000e+03 2.202582542379851294e+00
5.307000000000000000e+03 2.211825747640423057e+00
5.308000000000000000e+03 2.218391464223504528e+00
5.309000000000000000e+03 2.225744059010599241e+00
5.310000000000000000e+03 2.234293009159732168e+00
5.311000000000000000e+03 2.240436541173449925e+00
5.312000000000000000e+03 2.247776160959655378e+00
5.313000000000000000e+03 2.253040411438304691e+00
5.314000000000000000e+03 2.259510694207743864e+00
5.315000000000000000e+03 2.267343457622338576e+00
5.316000000000000000e+03 2.275388100010153902e+00
5.317000000000000000e+03 2.281756209337603369e+00
5.318000000000000000e+03 2.286948527292004485e+00
5.319000000000000000e+03 2.296516830355276539e+00
5.320000000000000000e+03 2.302515200191484368e+00
5.321000000000000000e+03 2.308628178343751447e+00
5.322000000000000000e+03 2.316065004466676402e+00
5.323000000000000000e+03 2.322613080342610825e+00
5.324000000000000000e+03 2.329784192515306884e+00
5.325000000000000000e+03 2.337010151062802521e+00
5.326000000000000000e+03 2.345440239087875245e+00
5.327000000000000000e+03 2.353154787293667116e+00
5.328000000000000000e+03 2.360797697777259341e+00
5.329000000000000000e+03 2.366746190405489170e+00
5.330000000000000000e+03 2.375983532609952320e+00
5.331000000000000000e+03 2.383509901453291668e+00
5.332000000000000000e+03 2.389706000176745615e+00
5.333000000000000000e+03 2.398071346373667811e+00
5.334000000000000000e+03 2.405765854637186951e+00
5.335000000000000000e+03 2.411865476813605635e+00
5.336000000000000000e+03 2.418337279359758174e+00
5.337000000000000000e+03 2.424106239602518809e+00
5.338000000000000000e+03 2.429630841932615137e+00
5.339000000000000000e+03 2.438010602094267565e+00
5.340000000000000000e+03 2.445443706289804009e+00
5.341000000000000000e+03 2.454388822975274831e+00
5.342000000000000000e+03 2.459971147958612381e+00
5.343000000000000000e+03 2.465548131458697778e+00
5.344000000000000000e+03 2.473718813885047663e+00
5.345000000000000000e+03 2.479668308427928736e+00
5.346000000000000000e+03 2.487664409906278351e+00
5.347000000000000000e+03 2.496113971771227735e+00
5.348000000000000000e+03 2.503584039195811517e+00
5.349000000000000000e+03 2.510371905820377503e+00
5.350000000000000000e+03 2.518430274438918648e+00
5.351000000000000000e+03 2.527723470705182773e+00
5.352000000000000000e+03 2.533756975173127035e+00
5.353000000000000000e+03 2.541777495331853043e+00
5.354000000000000000e+03 2.548883341217369924e+00
5.355000000000000000e+03 2.557319636577865207e+00
5.356000000000000000e+03 2.564907344450335192e+00
5.357000000000000000e+03 2.570615065855428316e+00
5.358000000000000000e+03 2.578171646754772173e+00
5.359000000000000000e+03 2.586026125741736958e+00
5.360000000000000000e+03 2.590608791824650314e+00
5.361000000000000000e+03 2.599913263547693365e+00
5.362000000000000000e+03 2.607005560908336239e+00
5.363000000000000000e+03 2.612974335917445767e+00
5.364000000000000000e+03 2.616754179334826791e+00
5.365000000000000000e+03 2.623409864967434224e+00
5.366000000000000000e+03 2.632594358854050132e+00
5.367000000000000000e+03 2.639448503163589699e+00
5.368000000000000000e+03 2.647745016587023326e+00
5.369000000000000000e+03 2.654953089514903386e+00
5.370000000000000000e+03 2.662143593889989557e+00
5.371000000000000000e+03 2.669562502645384416e+00
5.372000000000000000e+03 2.676416656850376441e+00
5.373000000000000000e+03 2.683477393487187168e+00
5.374000000000000000e+03 2.691284410581411546e+00
5.375000000000000000e+03 2.698759062074760351e+00
5.376000000000000000e+03 2.705189596457342471e+00
5.377000000000000000e+03 2.711259847278983059e+00
5.378000000000000000e+03 2.715687909684964207e+00
5.379000000000000000e+03 2.724273204597312148e+00
5.380000000000000000e+03 2.730494135548632073e+00
5.381000000000000000e+03 2.737469262907735956e+00
5.382000000000000000e+03 2.744108249138198730e+00
5.383000000000000000e+03 2.750519736834640128e+00
5.384000000000000000e+03 2.758366418204368120e+00
5.385000000000000000e+03 2.765659142612534982e+00
5.386000000000000000e+03 2.771025157108792936e+00
5.387000000000000000e+03 2.779519998919021351e+00
5.388000000000000000e+03 2.788190529143403040e+00
5.389000000000000000e+03 2.792563962462246252e+00
5.390000000000000000e+03 2.800400073426242642e+00
5.391000000000000000e+03 2.806861044574082253e+00
5.392000000000000000e+03 2.815107575650344529e+00
5.393000000000000000e+03 2.819574744475645378e+00
5.394000000000000000e+03 2.828554487001623041e+00
5.395000000000000000e+03 2.833642009631204051e+00
5.396000000000000000e+03 2.840194117079755998e+00
5.397000000000000000e+03 2.849251505929672579e+00
5.398000000000000000e+03 2.858142633846298519e+00
5.399000000000000000e+03 2.867541547363782417e+00
5.400000000000000000e+03 2.873478733611941394e+00
5.401000000000000000e+03 2.881502575756819340e+00
5.402000000000000000e+03 2.889304625333464660e+00
5.403000000000000000e+03 2.896352723414794994e+00
5.404000000000000000e+03 2.904675275486782393e+00
5.405000000000000000e+03 2.911868986813370697e+00
5.406000000000000000e+03 2.918336921474194767e+00
5.407000000000000000e+03 2.925877976407234016e+00
5.408000000000000000e+03 2.936097536775596151e+00
5.409000000000000000e+03 2.943095419554293102e+00
5.410000000000000000e+03 2.948450472362104779e+00
5.411000000000000000e+03 2.957595239714322588e+00
5.412000000000000000e+03 2.964707706482750282e+00
5.413000000000000000e+03 2.971224337081810329e+00
5.414000000000000000e+03 2.977848343245147689e+00
5.415000000000000000e+03 2.985386873600651469e+00
5.416000000000000000e+03 2.991566202829164300e+00
5.417000000000000000e+03 2.997937493132555087e+00
5.418000000000000000e+03 3.006948333357610803e+00
5.419000000000000000e+03 3.014807960454180868e+00
5.420000000000000000e+03 3.021189472348566607e+00
5.421000000000000000e+03 3.028485421437595360e+00
5.422000000000000000e+03 3.034498194930775217e+00
5.423000000000000000e+03 3.043608906667984115e+00
5.424000000000000000e+03 3.051256721997951615e+00
5.425000000000000000e+03 3.058985714267148825e+00
5.426000000000000000e+03 3.067651890492056221e+00
5.427000000000000000e+03 3.074138312333596801e+00
5.428000000000000000e+03 3.080911368762988101e+00
5.429000000000000000e+03 3.089054079216586590e+00
5.430000000000000000e+03 3.094286366968613589e+00
5.431000000000000000e+03 3.101340389540327536e+00
5.432000000000000000e+03 3.110219249568662914e+00
5.433000000000000000e+03 3.118723766658402230e+00
5.434000000000000000e+03 3.124776718578347712e+00
5.435000000000000000e+03 3.131732062040031739e+00
5.436000000000000000e+03 3.140639056903793858e+00
5.437000000000000000e+03 3.147468501337154390e+00
5.438000000000000000e+03 3.152500545519851372e+00
5.439000000000000000e+03 3.159037211525765887e+00
5.440000000000000000e+03 3.164246480804061790e+00
5.441000000000000000e+03 3.173844334989514682e+00
5.442000000000000000e+03 3.179886461283495169e+00
5.443000000000000000e+03 3.186373814122273274e+00
5.444000000000000000e+03 3.193647273732014735e+00
5.445000000000000000e+03 3.203498716226552911e+00
5.446000000000000000e+03 3.209592423395732030e+00
5.447000000000000000e+03 3.216152035308720514e+00
5.448000000000000000e+03 3.223466685155333522e+00
5.449000000000000000e+03 3.230376700019094383e+00
5.450000000000000000e+03 3.236414101234102336e+00
5.451000000000000000e+03 3.244219529283443038e+00
5.452000000000000000e+03 3.251967575248061237e+00
5.453000000000000000e+03 3.258809470223287708e+00
5.454000000000000000e+03 3.265566573120327831e+00
5.455000000000000000e+03 3.273493045241194110e+00
5.456000000000000000e+03 3.281452009907748657e+00
5.457000000000000000e+03 3.290937241052479312e+00
5.458000000000000000e+03 3.296682757317016321e+00
5.459000000000000000e+03 3.305358373392107030e+00
5.460000000000000000e+03 3.310620901237252500e+00
5.461000000000000000e+03 3.317358415259773707e+00
5.462000000000000000e+03 3.323332577106297148e+00
5.463000000000000000e+03 3.329305875986825924e+00
5.464000000000000000e+03 3.336670938220523297e+00
5.465000000000000000e+03 3.344255534385224049e+00
5.466000000000000000e+03 3.352833678183284594e+00
5.467000000000000000e+03 3.360846380933868005e+00
5.468000000000000000e+03 3.368102006462811548e+00
5.469000000000000000e+03 3.375628149359968244e+00
5.470000000000000000e+03 3.382098176084552321e+00
5.471000000000000000e+03 3.388802287179671691e+00
5.472000000000000000e+03 3.396546141595175428e+00
5.473000000000000000e+03 3.404959355810738497e+00
5.474000000000000000e+03 3.411662830298359150e+00
5.475000000000000000e+03 3.418750536168646992e+00
5.476000000000000000e+03 3.426270952072178577e+00
5.477000000000000000e+03 3.433110231761547393e+00
5.478000000000000000e+03 3.440616543345568434e+00
5.479000000000000000e+03 3.447865522016037243e+00
5.480000000000000000e+03 3.455058680434171858e+00
5.481000000000000000e+03 3.464949505183793743e+00
5.482000000000000000e+03 3.469539297642359355e+00
5.483000000000000000e+03 3.477537969052407529e+00
5.484000000000000000e+03 3.485093904685726329e+00
5.485000000000000000e+03 3.491322486059418750e+00
5.486000000000000000e+03 3.496655383771802406e+00
5.487000000000000000e+03 3.506647894200028759e+00
5.488000000000000000e+03 3.512458875073120712e+00
5.489000000000000000e+03 3.518358694852507629e+00
5.490000000000000000e+03 3.522352336548748131e+00
5.491000000000000000e+03 3.528984518418104788e+00
5.492000000000000000e+03 3.538848346309438231e+00
5.493000000000000000e+03 3.544687578701837705e+00
5.494000000000000000e+03 3.552199601611689683e+00
5.495000000000000000e+03 3.559912797438856913e+00
5.496000000000000000e+03 3.567030132770330209e+00
5.497000000000000000e+03 3.573675386533559095e+00
5.498000000000000000e+03 3.581562518042711307e+00
5.499000000000000000e+03 3.588263970559363525e+00
5.500000000000000000e+03 3.596485203084518911e+00
5.501000000000000000e+03 3.604316501147398100e+00
5.502000000000000000e+03 3.610502233971158770e+00
5.503000000000000000e+03 3.614247136130458671e+00
5.504000000000000000e+03 3.622722504513118391e+00
5.505000000000000000e+03 3.630597229597633202e+00
5.506000000000000000e+03 3.636753855769993660e+00
5.507000000000000000e+03 3.644001407845941731e+00
5.508000000000000000e+03 3.649910194142988562e+00
5.509000000000000000e+03 3.657670037137242147e+00
5.510000000000000000e+03 3.664019288204471536e+00
5.511000000000000000e+03 3.670005408294057414e+00
5.512000000000000000e+03 3.674612530989920245e+00
5.513000000000000000e+03 3.684804734140568527e+00
5.514000000000000000e+03 3.689634637300762687e+00
5.515000000000000000e+03 3.697207705262312682e+00
5.516000000000000000e+03 3.703372772256379175e+00
5.517000000000000000e+03 3.710730339508785836e+00
5.518000000000000000e+03 3.718124278324590914e+00
5.519000000000000000e+03 3.723689391403760762e+00
5.520000000000000000e+03 3.730437741772313576e+00
5.521000000000000000e+03 3.735910094047178998e+00
5.522000000000000000e+03 3.745092227043551603e+00
5.523000000000000000e+03 3.755511929965154483e+00
5.524000000000000000e+03 3.764232903499908911e+00
5.525000000000000000e+03 3.772107200606066524e+00
5.526000000000000000e+03 3.779477348278159621e+00
5.527000000000000000e+03 3.789034372998478784e+00
5.528000000000000000e+03 3.795819621038704739e+00
5.529000000000000000e+03 3.803219264583364012e+00
5.530000000000000000e+03 3.811632862247740672e+00
5.531000000000000000e+03 3.818022419145702617e+00
5.532000000000000000e+03 3.825188366716371302e+00
5.533000000000000000e+03 3.834486899105851609e+00
5.534000000000000000e+03 3.842836117775371374e+00
5.535000000000000000e+03 3.849344679869151520e+00
5.536000000000000000e+03 3.855984322910334328e+00
5.537000000000000000e+03 3.864107668786353589e+00
5.538000000000000000e+03 3.872527044570862387e+00
5.539000000000000000e+03 3.877427770315287958e+00
5.540000000000000000e+03 3.885303545142478665e+00
5.541000000000000000e+03 3.891238039002704152e+00
5.542000000000000000e+03 3.899070158388209251e+00
5.543000000000000000e+03 3.905312356318018541e+00
5.544000000000000000e+03 3.913197805600098445e+00
5.545000000000000000e+03 3.919489897230308273e+00
5.546000000000000000e+03 3.926969228036157222e+00
5.547000000000000000e+03 3.934856641565729785e+00
5.548000000000000000e+03 3.943863139336005741e+00
5.549000000000000000e+03 3.951241066483675013e+00
5.550000000000000000e+03 3.959396678959193228e+00
5.551000000000000000e+03 3.967890720886944056e+00
5.552000000000000000e+03 3.975099006154762193e+00
5.553000000000000000e+03 3.982327504535284390e+00
5.554000000000000000e+03 3.990351075379814816e+00
5.555000000000000000e+03 3.998285094020790797e+00
5.556000000000000000e+03 4.002501329816991138e+00
5.557000000000000000e+03 4.011689517181568299e+00
5.558000000000000000e+03 4.021719142156815252e+00
5.559000000000000000e+03 4.029624622310337578e+00
5.560000000000000000e+03 4.035877464449463048e+00
5.561000000000000000e+03 4.043281949344672555e+00
5.562000000000000000e+03 4.052804383683194622e+00
5.563000000000000000e+03 4.058952767767539882e+00
5.564000000000000000e+03 4.062339452041775267e+00
5.565000000000000000e+03 4.069740057094652919e+00
5.566000000000000000e+03 4.075672653501704268e+00
5.567000000000000000e+03 4.083423616975816905e+00
5.568000000000000000e+03 4.091021518402167878e+00
5.569000000000000000e+03 4.097139437684131913e+00
5.570000000000000000e+03 4.106632879168967243e+00
5.571000000000000000e+03 4.114352342116592176e+00
5.572000000000000000e+03 4.120383113790165197e+00
5.573000000000000000e+03 4.125976696913240538e+00
5.574000000000000000e+03 4.133713046451999773e+00
5.575000000000000000e+03 4.140836900413373378e+00
5.576000000000000000e+03 4.146721807332251153e+00
5.577000000000000000e+03 4.154826266910929711e+00
5.578000000000000000e+03 4.161631343790426207e+00
5.579000000000000000e+03 4.169575337048377683e+00
5.580000000000000000e+03 4.173811186457733413e+00
5.581000000000000000e+03 4.183468019194384269e+00
5.582000000000000000e+03 4.191951409491222691e+00
5.583000000000000000e+03 4.199003847965779634e+00
5.584000000000000000e+03 4.205638972907883577e+00
5.585000000000000000e+03 4.213350376833376210e+00
5.586000000000000000e+03 4.220633004168335312e+00
5.587000000000000000e+03 4.228525973170337515e+00
5.588000000000000000e+03 4.233830980135155464e+00
5.589000000000000000e+03 4.239952692674241241e+00
5.590000000000000000e+03 4.248516706177231761e+00
5.591000000000000000e+03 4.257258178968218232e+00
5.592000000000000000e+03 4.266273583471131836e+00
5.593000000000000000e+03 4.271682877794158451e+00
5.594000000000000000e+03 4.279480130549792705e+00
5.595000000000000000e+03 4.287496942799690736e+00
5.596000000000000000e+03 4.292498513933803217e+00
5.597000000000000000e+03 4.301197790037849522e+00
5.598000000000000000e+03 4.309629728100383694e+00
5.599000000000000000e+03 4.317080100686632171e+00
5.600000000000000000e+03 4.323335702832621585e+00
5.601000000000000000e+03 4.331155533714308170e+00
5.602000000000000000e+03 4.338452560583133000e+00
5.603000000000000000e+03 4.344831633248269043e+00
5.604000000000000000e+03 4.351851945308911063e+00
5.605000000000000000e+03 4.359668622014845063e+00
5.606000000000000000e+03 4.368019218626242761e+00
5.607000000000000000e+03 4.377105356654304558e+00
5.608000000000000000e+03 4.381553071018323031e+00
5.609000000000000000e+03 4.388585308749491709e+00
5.610000000000000000e+03 4.395815824977877817e+00
5.611000000000000000e+03 4.401779175629307872e+00
5.612000000000000000e+03 4.409463498997473252e+00
5.613000000000000000e+03 4.417047579773979216e+00
5.614000000000000000e+03 4.423383712768554688e+00
5.615000000000000000e+03 4.429945181728287551e+00
5.616000000000000000e+03 4.435013673339526008e+00
5.617000000000000000e+03 4.444425357764180795e+00
5.618000000000000000e+03 4.451086370861482955e+00
5.619000000000000000e+03 4.459666443036017114e+00
5.620000000000000000e+03 4.465902019258293443e+00
5.621000000000000000e+03 4.472850947167724911e+00
5.622000000000000000e+03 4.479472255583092810e+00
5.623000000000000000e+03 4.486212712678360859e+00
5.624000000000000000e+03 4.491879608741424335e+00
5.625000000000000000e+03 4.501433273130714063e+00
5.626000000000000000e+03 4.509875742429479750e+00
5.627000000000000000e+03 4.517560488828272547e+00
5.628000000000000000e+03 4.522294237868280220e+00
5.629000000000000000e+03 4.527017534011068989e+00
5.630000000000000000e+03 4.536292482236739865e+00
5.631000000000000000e+03 4.543152578661464602e+00
5.632000000000000000e+03 4.550084501234319845e+00
5.633000000000000000e+03 4.556806192426932967e+00
5.634000000000000000e+03 4.564762242470166598e+00
5.635000000000000000e+03 4.573225610141778752e+00
5.636000000000000000e+03 4.579597027024506772e+00
5.637000000000000000e+03 4.584149094716429396e+00
5.638000000000000000e+03 4.591989149430895978e+00
5.639000000000000000e+03 4.600049413441067436e+00
5.640000000000000000e+03 4.604986976659817266e+00
5.641000000000000000e+03 4.612221268003654728e+00
5.642000000000000000e+03 4.617854266366657079e+00
5.643000000000000000e+03 4.626149365977194172e+00
5.644000000000000000e+03 4.630467975186003393e+00
5.645000000000000000e+03 4.638938098153766454e+00
5.646000000000000000e+03 4.642870976818724849e+00
5.647000000000000000e+03 4.649793342032887189e+00
5.648000000000000000e+03 4.658648184559017302e+00
5.649000000000000000e+03 4.668650800718974203e+00
5.650000000000000000e+03 4.678642162449988540e+00
5.651000000000000000e+03 4.685614154187306646e+00
5.652000000000000000e+03 4.692008972992590898e+00
5.653000000000000000e+03 4.700304590465184340e+00
5.654000000000000000e+03 4.706959750401829901e+00
5.655000000000000000e+03 4.714649907964370001e+00
5.656000000000000000e+03 4.723512611603562839e+00
5.657000000000000000e+03 4.728991251614411695e+00
5.658000000000000000e+03 4.737368631919531836e+00
5.659000000000000000e+03 4.747692305238746080e+00
5.660000000000000000e+03 4.754758189160537718e+00
5.661000000000000000e+03 4.760411896233530449e+00
5.662000000000000000e+03 4.769061070008034697e+00
5.663000000000000000e+03 4.775454411916900455e+00
5.664000000000000000e+03 4.784755073478093479e+00
5.665000000000000000e+03 4.790505622405280661e+00
5.666000000000000000e+03 4.797082816889624901e+00
5.667000000000000000e+03 4.806109973068005026e+00
5.668000000000000000e+03 4.810803110342852129e+00
5.669000000000000000e+03 4.819225909954225173e+00
5.670000000000000000e+03 4.826559064298595381e+00
5.671000000000000000e+03 4.832708117975283990e+00
5.672000000000000000e+03 4.840225349192079030e+00
5.673000000000000000e+03 4.847349929644646949e+00
5.674000000000000000e+03 4.855910813710515583e+00
5.675000000000000000e+03 4.862944093762769704e+00
5.676000000000000000e+03 4.872442854053780081e+00
5.677000000000000000e+03 4.880388651582726389e+00
5.678000000000000000e+03 4.885845225557226890e+00
5.679000000000000000e+03 4.893534269881260279e+00
5.680000000000000000e+03 4.901943573743507976e+00
5.681000000000000000e+03 4.909865666713952415e+00
5.682000000000000000e+03 4.917494236624089687e+00
5.683000000000000000e+03 4.924837942820219361e+00
5.684000000000000000e+03 4.936027703324385563e+00
5.685000000000000000e+03 4.942406280392238394e+00
5.686000000000000000e+03 4.950235632349284209e+00
5.687000000000000000e+03 4.959200353989397847e+00
5.688000000000000000e+03 4.968414645559902532e+00
5.689000000000000000e+03 4.974129711865247216e+00
5.690000000000000000e+03 4.978126233138411294e+00
5.691000000000000000e+03 4.985772293262343169e+00
5.692000000000000000e+03 4.992497215320475412e+00
5.693000000000000000e+03 5.000782149826558332e+00
5.694000000000000000e+03 5.009251185943692342e+00
5.695000000000000000e+03 5.013348818959170394e+00
5.696000000000000000e+03 5.026902894359415619e+00
5.697000000000000000e+03 5.029778875110986647e+00
5.698000000000000000e+03 5.035678779414038964e+00
5.699000000000000000e+03 5.042415174425704194e+00
5.700000000000000000e+03 5.049978184483549626e+00
5.701000000000000000e+03 5.056966220049233129e+00
5.702000000000000000e+03 5.064944970262446056e+00
5.703000000000000000e+03 5.071000415424323116e+00
5.704000000000000000e+03 5.079459965924812970e+00
5.705000000000000000e+03 5.087191368561514437e+00
5.706000000000000000e+03 5.092159862493571332e+00
5.707000000000000000e+03 5.100301997361634143e+00
5.708000000000000000e+03 5.109658949209198830e+00
5.709000000000000000e+03 5.115514098025998102e+00
5.710000000000000000e+03 5.123303710667026500e+00
5.711000000000000000e+03 5.131119223007945429e+00
5.712000000000000000e+03 5.140486974093597894e+00
5.713000000000000000e+03 5.147518452348720963e+00
5.714000000000000000e+03 5.154386619340274756e+00
5.715000000000000000e+03 5.159487988595267360e+00
5.716000000000000000e+03 5.168914037095074576e+00
5.717000000000000000e+03 5.177775775102944067e+00
5.718000000000000000e+03 5.185133141972417370e+00
5.719000000000000000e+03 5.192540637559308614e+00
5.720000000000000000e+03 5.199484740610613720e+00
5.721000000000000000e+03 5.206731915010092138e+00
5.722000000000000000e+03 5.212013791352704928e+00
5.723000000000000000e+03 5.221095484672967579e+00
5.724000000000000000e+03 5.227090860309923315e+00
5.725000000000000000e+03 5.234281661960914711e+00
5.726000000000000000e+03 5.241058502164281485e+00
5.727000000000000000e+03 5.250000390870407152e+00
5.728000000000000000e+03 5.255616902583511774e+00
5.729000000000000000e+03 5.262279503901080346e+00
5.730000000000000000e+03 5.270044815782546799e+00
5.731000000000000000e+03 5.276782150862282528e+00
5.732000000000000000e+03 5.287391054851895866e+00
5.733000000000000000e+03 5.294761834183760563e+00
5.734000000000000000e+03 5.300452515618192528e+00
5.735000000000000000e+03 5.309061687022538223e+00
5.736000000000000000e+03 5.315030133007823565e+00
5.737000000000000000e+03 5.319386382047302853e+00
5.738000000000000000e+03 5.330414679263817845e+00
5.739000000000000000e+03 5.336266818213558416e+00
5.740000000000000000e+03 5.341870616742973255e+00
5.741000000000000000e+03 5.346182604244245518e+00
5.742000000000000000e+03 5.352969283002104284e+00
5.743000000000000000e+03 5.364679578161836382e+00
5.744000000000000000e+03 5.369144114796547740e+00
5.745000000000000000e+03 5.377841489324308277e+00
5.746000000000000000e+03 5.385441288203838717e+00
5.747000000000000000e+03 5.391101463604837107e+00
5.748000000000000000e+03 5.398281143590891951e+00
5.749000000000000000e+03 5.403622205464600370e+00
5.750000000000000000e+03 5.412850781946638712e+00
5.751000000000000000e+03 5.421486936603024276e+00
5.752000000000000000e+03 5.428792344920830182e+00
5.753000000000000000e+03 5.434365260564971045e+00
5.754000000000000000e+03 5.440787373504439195e+00
5.755000000000000000e+03 5.446100363626245944e+00
5.756000000000000000e+03 5.455060431929414477e+00
5.757000000000000000e+03 5.461578802066710203e+00
5.758000000000000000e+03 5.469704935986707817e+00
5.759000000000000000e+03 5.476268041819348120e+00
5.760000000000000000e+03 5.486535453713920596e+00
5.761000000000000000e+03 5.494148754114928757e+00
5.762000000000000000e+03 5.499378169711616415e+00
5.763000000000000000e+03 5.503897595601422665e+00
5.764000000000000000e+03 5.512884152383965564e+00
5.765000000000000000e+03 5.519036208506119756e+00
5.766000000000000000e+03 5.523987032456980195e+00
5.767000000000000000e+03 5.531269926969180517e+00
5.768000000000000000e+03 5.537722211145911899e+00
5.769000000000000000e+03 5.546484104029500095e+00
5.770000000000000000e+03 5.550490269246579622e+00
5.771000000000000000e+03 5.557276200073083317e+00
5.772000000000000000e+03 5.562878391415949864e+00
5.773000000000000000e+03 5.570074280154588386e+00
5.774000000000000000e+03 5.578351505277892919e+00
5.775000000000000000e+03 5.589088948732630513e+00
5.776000000000000000e+03 5.598110107441665484e+00
5.777000000000000000e+03 5.602634689687287839e+00
5.778000000000000000e+03 5.610434079860849188e+00
5.779000000000000000e+03 5.617561354350591785e+00
5.780000000000000000e+03 5.626223957079911742e+00
5.781000000000000000e+03 5.633935225767543464e+00
5.782000000000000000e+03 5.639987328740048156e+00
5.783000000000000000e+03 5.648127733553017116e+00
5.784000000000000000e+03 5.656473068257096060e+00
5.785000000000000000e+03 5.666329413124145731e+00
5.786000000000000000e+03 5.672145836084271586e+00
5.787000000000000000e+03 5.677652866150772581e+00
5.788000000000000000e+03 5.685661310970242965e+00
5.789000000000000000e+03 5.693809855618209959e+00
5.790000000000000000e+03 5.701504979049084376e+00
5.791000000000000000e+03 5.707514073907476337e+00
5.792000000000000000e+03 5.715038436447650305e+00
5.793000000000000000e+03 5.722264847712138724e+00
5.794000000000000000e+03 5.729023610571478464e+00
5.795000000000000000e+03 5.736955631155500335e+00
5.796000000000000000e+03 5.745140141653279464e+00
5.797000000000000000e+03 5.753246628150658459e+00
5.798000000000000000e+03 5.759771409717102664e+00
5.799000000000000000e+03 5.766863152107738699e+00
5.800000000000000000e+03 5.775805133171424188e+00
5.801000000000000000e+03 5.782536565613244584e+00
5.802000000000000000e+03 5.790391779337618949e+00
5.803000000000000000e+03 5.798608436040223246e+00
5.804000000000000000e+03 5.805138586714732263e+00
5.805000000000000000e+03 5.812158863316660984e+00
5.806000000000000000e+03 5.821833393247004551e+00
5.807000000000000000e+03 5.826811351355562607e+00
5.808000000000000000e+03 5.836831211992222990e+00
5.809000000000000000e+03 5.847917625206247472e+00
5.810000000000000000e+03 5.855188569309285107e+00
5.811000000000000000e+03 5.862756322587766356e+00
5.812000000000000000e+03 5.869398494741902006e+00
5.813000000000000000e+03 5.879652954312665436e+00
5.814000000000000000e+03 5.890075458472185943e+00
5.815000000000000000e+03 5.893240581896725949e+00
5.816000000000000000e+03 5.899875699417234109e+00
5.817000000000000000e+03 5.906469950364665600e+00
5.818000000000000000e+03 5.913359814786931956e+00
5.819000000000000000e+03 5.920578483683798687e+00
5.820000000000000000e+03 5.926732612903425235e+00
5.821000000000000000e+03 5.934480514559354880e+00
5.822000000000000000e+03 5.942587980706607986e+00
5.823000000000000000e+03 5.947965400949784431e+00
5.824000000000000000e+03 5.953308431194089145e+00
5.825000000000000000e+03 5.962153128406669111e+00
5.826000000000000000e+03 5.967612827695192301e+00
5.827000000000000000e+03 5.975367137481785385e+00
5.828000000000000000e+03 5.983404039975838806e+00
5.829000000000000000e+03 5.991333719460516960e+00
5.830000000000000000e+03 5.998602451105111477e+00
5.831000000000000000e+03 6.004314630411943021e+00
5.832000000000000000e+03 6.011717210432379943e+00
5.833000000000000000e+03 6.019224391167059984e+00
5.834000000000000000e+03 6.027779671107851733e+00
5.835000000000000000e+03 6.032807247493362723e+00
5.836000000000000000e+03 6.040889798538331412e+00
5.837000000000000000e+03 6.048411074521681030e+00
5.838000000000000000e+03 6.057299079185841428e+00
5.839000000000000000e+03 6.064044053555565306e+00
5.840000000000000000e+03 6.070416774988896869e+00
5.841000000000000000e+03 6.078646736953147389e+00
5.842000000000000000e+03 6.085813002002942618e+00
5.843000000000000000e+03 6.093136270789423214e+00
5.844000000000000000e+03 6.100872410874423224e+00
5.845000000000000000e+03 6.108560738602709428e+00
5.846000000000000000e+03 6.115386233925561577e+00
5.847000000000000000e+03 6.120013764344709450e+00
5.848000000000000000e+03 6.126987955346540282e+00
5.849000000000000000e+03 6.136610737003600491e+00
5.850000000000000000e+03 6.144549333940993563e+00
5.851000000000000000e+03 6.149087681586845378e+00
5.852000000000000000e+03 6.158595883789589998e+00
5.853000000000000000e+03 6.165337108607111816e+00
5.854000000000000000e+03 6.172143400978124639e+00
5.855000000000000000e+03 6.178862866518351815e+00
5.856000000000000000e+03 6.185251635078533816e+00
5.857000000000000000e+03 6.194078918767092823e+00
5.858000000000000000e+03 6.204111070381421733e+00
5.859000000000000000e+03 6.209652050923744504e+00
5.860000000000000000e+03 6.216756154384856181e+00
5.861000000000000000e+03 6.222679370726750925e+00
5.862000000000000000e+03 6.229175995605313432e+00
5.863000000000000000e+03 6.236280402526984012e+00
5.864000000000000000e+03 6.245035256444764649e+00
5.865000000000000000e+03 6.252237033802759747e+00
5.866000000000000000e+03 6.258205753562258167e+00
5.867000000000000000e+03 6.262540210339602176e+00
5.868000000000000000e+03 6.272057677160542966e+00
5.869000000000000000e+03 6.281893726452778104e+00
5.870000000000000000e+03 6.286938518453248470e+00
5.871000000000000000e+03 6.294864144100546177e+00
5.872000000000000000e+03 6.300860118412423105e+00
5.873000000000000000e+03 6.309315458397506404e+00
5.874000000000000000e+03 6.313661061578425659e+00
5.875000000000000000e+03 6.319513557589111485e+00
5.876000000000000000e+03 6.327402518107884788e+00
5.877000000000000000e+03 6.336983080813236135e+00
5.878000000000000000e+03 6.343247451155510142e+00
5.879000000000000000e+03 6.348605484556337331e+00
5.880000000000000000e+03 6.352549401599510759e+00
5.881000000000000000e+03 6.361913703295043909e+00
5.882000000000000000e+03 6.366536902804111442e+00
5.883000000000000000e+03 6.373165472832997835e+00
5.884000000000000000e+03 6.381478326536080381e+00
5.885000000000000000e+03 6.389928934020598916e+00
5.886000000000000000e+03 6.400751940986574517e+00
5.887000000000000000e+03 6.404913445030309127e+00
5.888000000000000000e+03 6.410109112183356217e+00
5.889000000000000000e+03 6.415852317034910435e+00
5.890000000000000000e+03 6.424358763738054812e+00
5.891000000000000000e+03 6.429983202533907871e+00
5.892000000000000000e+03 6.436647652652005114e+00
5.893000000000000000e+03 6.442985597339174753e+00
5.894000000000000000e+03 6.450441978114842989e+00
5.895000000000000000e+03 6.457039139974804165e+00
5.896000000000000000e+03 6.464087322579800343e+00
5.897000000000000000e+03 6.468757278930557852e+00
5.898000000000000000e+03 6.473948559099287792e+00
5.899000000000000000e+03 6.481527348282113188e+00
5.900000000000000000e+03 6.492312553791680152e+00
5.901000000000000000e+03 6.499480083810271758e+00
5.902000000000000000e+03 6.504868465741888706e+00
5.903000000000000000e+03 6.511935143773814438e+00
5.904000000000000000e+03 6.520992036614129184e+00
5.905000000000000000e+03 6.528342547583675604e+00
5.906000000000000000e+03 6.535843454600929192e+00
5.907000000000000000e+03 6.544289679224232437e+00
5.908000000000000000e+03 6.549131978913611540e+00
5.909000000000000000e+03 6.555536517527940532e+00
5.910000000000000000e+03 6.565885970152358198e+00
5.911000000000000000e+03 6.573289910797637248e+00
5.912000000000000000e+03 6.579614786889404598e+00
5.913000000000000000e+03 6.585471372196180617e+00
5.914000000000000000e+03 6.592272850429143460e+00
5.915000000000000000e+03 6.602734646960036535e+00
5.916000000000000000e+03 6.608895966875771855e+00
5.917000000000000000e+03 6.617628267406126419e+00
5.918000000000000000e+03 6.624250769048246390e+00
5.919000000000000000e+03 6.630025010989229806e+00
5.920000000000000000e+03 6.637518414778977416e+00
5.921000000000000000e+03 6.645386485995746106e+00
5.922000000000000000e+03 6.651744820264529956e+00
5.923000000000000000e+03 6.659792630846659733e+00
5.924000000000000000e+03 6.667907292637735850e+00
5.925000000000000000e+03 6.675497354391175975e+00
5.926000000000000000e+03 6.684470266168168529e+00
5.927000000000000000e+03 6.691316503185862352e+00
5.928000000000000000e+03 6.699745542705187518e+00
5.929000000000000000e+03 6.708203109167271805e+00
5.930000000000000000e+03 6.715988392547458830e+00
5.931000000000000000e+03 6.723092369016913317e+00
5.932000000000000000e+03 6.732435504337747290e+00
5.933000000000000000e+03 6.736927035769185501e+00
5.934000000000000000e+03 6.746734500395183964e+00
5.935000000000000000e+03 6.759721878849984655e+00
5.936000000000000000e+03 6.767187783174887450e+00
5.937000000000000000e+03 6.773786948864152002e+00
5.938000000000000000e+03 6.782118518992624523e+00
5.939000000000000000e+03 6.791892956718442953e+00
5.940000000000000000e+03 6.799784494178197747e+00
5.941000000000000000e+03 6.804180585611345755e+00
5.942000000000000000e+03 6.810599109799734485e+00
5.943000000000000000e+03 6.816189489269791402e+00
5.944000000000000000e+03 6.824430912642885261e+00
5.945000000000000000e+03 6.832133493122473311e+00
5.946000000000000000e+03 6.837543936967333202e+00
5.947000000000000000e+03 6.848506280162653503e+00
5.948000000000000000e+03 6.852557536486780343e+00
5.949000000000000000e+03 6.859556142870502526e+00
5.950000000000000000e+03 6.865659741782239145e+00
5.951000000000000000e+03 6.873408426003596361e+00
5.952000000000000000e+03 6.882427314530705331e+00
5.953000000000000000e+03 6.886787264469734993e+00
5.954000000000000000e+03 6.897722640905450397e+00
5.955000000000000000e+03 6.903260459025801765e+00
5.956000000000000000e+03 6.913201205512944370e+00
5.957000000000000000e+03 6.915383875344255138e+00
5.958000000000000000e+03 6.925601624432343506e+00
5.959000000000000000e+03 6.932512132419532236e+00
5.960000000000000000e+03 6.940414410569275994e+00
5.961000000000000000e+03 6.945688677308264225e+00
5.962000000000000000e+03 6.954007066692871497e+00
5.963000000000000000e+03 6.962011984607848092e+00
5.964000000000000000e+03 6.970659827443875578e+00
5.965000000000000000e+03 6.976337001584481889e+00
5.966000000000000000e+03 6.982551766843748453e+00
5.967000000000000000e+03 6.990199774722749559e+00
5.968000000000000000e+03 6.997332061259613489e+00
5.969000000000000000e+03 7.005818297323912702e+00
5.970000000000000000e+03 7.013935263106379381e+00
5.971000000000000000e+03 7.020894688442570697e+00
5.972000000000000000e+03 7.028849908916966704e+00
5.973000000000000000e+03 7.033477190300547299e+00
5.974000000000000000e+03 7.042262385327522800e+00
5.975000000000000000e+03 7.050902834610663916e+00
5.976000000000000000e+03 7.055904930203804604e+00
5.977000000000000000e+03 7.062494091589727851e+00
5.978000000000000000e+03 7.073265938237274675e+00
5.979000000000000000e+03 7.081094382286482691e+00
5.980000000000000000e+03 7.085879287521817282e+00
5.981000000000000000e+03 7.092017866036512963e+00
5.982000000000000000e+03 7.097832840961964429e+00
5.983000000000000000e+03 7.108806325613135080e+00
5.984000000000000000e+03 7.117437085598202096e+00
5.985000000000000000e+03 7.120640891999124200e+00
5.986000000000000000e+03 7.128086469413599247e+00
5.987000000000000000e+03 7.135348813543063606e+00
5.988000000000000000e+03 7.140945343861988981e+00
5.989000000000000000e+03 7.151659899957757638e+00
5.990000000000000000e+03 7.154902099893045708e+00
5.991000000000000000e+03 7.162458889833843045e+00
5.992000000000000000e+03 7.170240294196314146e+00
5.993000000000000000e+03 7.174540350254716259e+00
5.994000000000000000e+03 7.183552572544758874e+00
5.995000000000000000e+03 7.190432261142489345e+00
5.996000000000000000e+03 7.197822169210298604e+00
5.997000000000000000e+03 7.203923299206423714e+00
5.998000000000000000e+03 7.211745349968146535e+00
5.999000000000000000e+03 7.217598124700757012e+00
