# time(ps)	msd(nm^2)	#D_bar=5.019531211324624e-10,D_std=7.689667823723087e-11
5.000000000000000000e+03 0.000000000000000000e+00
5.001000000000000000e+03 8.110660455608065603e-03
5.002000000000000000e+03 1.151188826278427835e-02
5.003000000000000000e+03 1.461579474611522829e-02
5.004000000000000000e+03 1.719408061980733787e-02
5.005000000000000000e+03 1.973050410953768735e-02
5.006000000000000000e+03 2.239404804104768235e-02
5.007000000000000000e+03 2.510862771853587458e-02
5.008000000000000000e+03 2.739060707705248676e-02
5.009000000000000000e+03 3.028265462405439409e-02
5.010000000000000000e+03 3.278237305230637111e-02
5.011000000000000000e+03 3.525883782708991859e-02
5.012000000000000000e+03 3.787527272054825450e-02
5.013000000000000000e+03 3.974183470658634171e-02
5.014000000000000000e+03 4.151147831645276426e-02
5.015000000000000000e+03 4.409286199848435478e-02
5.016000000000000000e+03 4.659348007759466642e-02
5.017000000000000000e+03 4.907290073300615146e-02
5.018000000000000000e+03 5.115556299398488216e-02
5.019000000000000000e+03 5.363570053382341052e-02
5.020000000000000000e+03 5.525224227548219957e-02
5.021000000000000000e+03 5.709149582302511239e-02
5.022000000000000000e+03 6.042820078001364531e-02
5.023000000000000000e+03 6.252496978403003502e-02
5.024000000000000000e+03 6.488560848297986183e-02
5.025000000000000000e+03 6.724434254178100756e-02
5.026000000000000000e+03 6.882686781638482076e-02
5.027000000000000000e+03 7.114723844426699972e-02
5.028000000000000000e+03 7.277627614133312661e-02
5.029000000000000000e+03 7.528549755792977860e-02
5.030000000000000000e+03 7.702256080465041954e-02
5.031000000000000000e+03 7.976859083606134548e-02
5.032000000000000000e+03 8.126215497256762677e-02
5.033000000000000000e+03 8.352073877689920878e-02
5.034000000000000000e+03 8.551027175884888532e-02
5.035000000000000000e+03 8.725187918486226879e-02
5.036000000000000000e+03 8.906628699874251376e-02
5.037000000000000000e+03 9.136440853277844054e-02
5.038000000000000000e+03 9.368471968649079440e-02
5.039000000000000000e+03 9.567996420434134175e-02
5.040000000000000000e+03 9.729290173213551995e-02
5.041000000000000000e+03 9.962189165146455305e-02
5.042000000000000000e+03 1.020671031595285078e-01
5.043000000000000000e+03 1.041908715334203678e-01
5.044000000000000000e+03 1.060471790550267107e-01
5.045000000000000000e+03 1.086332060414667983e-01
5.046000000000000000e+03 1.108136289541559183e-01
5.047000000000000000e+03 1.124107309927542403e-01
5.048000000000000000e+03 1.145235052971160239e-01
5.049000000000000000e+03 1.168208785787008402e-01
5.050000000000000000e+03 1.189096212423078058e-01
5.051000000000000000e+03 1.211411302036420751e-01
5.052000000000000000e+03 1.228261808842276565e-01
5.053000000000000000e+03 1.243616321488566906e-01
5.054000000000000000e+03 1.262453252602601939e-01
5.055000000000000000e+03 1.284280940710346430e-01
5.056000000000000000e+03 1.305954516077962313e-01
5.057000000000000000e+03 1.330471790355184925e-01
5.058000000000000000e+03 1.350245112238299683e-01
5.059000000000000000e+03 1.369200691688752525e-01
5.060000000000000000e+03 1.390673229155908464e-01
5.061000000000000000e+03 1.411940988675119690e-01
5.062000000000000000e+03 1.437241616096472663e-01
5.063000000000000000e+03 1.454026000799188423e-01
5.064000000000000000e+03 1.481377955004213043e-01
5.065000000000000000e+03 1.495056626373442721e-01
5.066000000000000000e+03 1.520366554242977564e-01
5.067000000000000000e+03 1.538122674981178550e-01
5.068000000000000000e+03 1.560146141311396784e-01
5.069000000000000000e+03 1.579277347503365292e-01
5.070000000000000000e+03 1.597468309680332710e-01
5.071000000000000000e+03 1.625485620168960199e-01
5.072000000000000000e+03 1.649547823601298646e-01
5.073000000000000000e+03 1.668655954949233300e-01
5.074000000000000000e+03 1.691121046525844995e-01
5.075000000000000000e+03 1.705893293778963093e-01
5.076000000000000000e+03 1.726461316184433048e-01
5.077000000000000000e+03 1.742381033474120489e-01
5.078000000000000000e+03 1.758220373756355370e-01
5.079000000000000000e+03 1.782014943515332905e-01
5.080000000000000000e+03 1.797500127287589289e-01
5.081000000000000000e+03 1.824973017193270708e-01
5.082000000000000000e+03 1.847095984767600507e-01
5.083000000000000000e+03 1.866945338385979924e-01
5.084000000000000000e+03 1.884576499750074408e-01
5.085000000000000000e+03 1.903950135956927747e-01
5.086000000000000000e+03 1.928316435016296237e-01
5.087000000000000000e+03 1.958739201083851411e-01
5.088000000000000000e+03 1.972339512681327844e-01
5.089000000000000000e+03 1.995892818783214506e-01
5.090000000000000000e+03 2.023560876107733664e-01
5.091000000000000000e+03 2.042605559103155832e-01
5.092000000000000000e+03 2.063826786507153843e-01
5.093000000000000000e+03 2.081841660690480211e-01
5.094000000000000000e+03 2.103917486965656281e-01
5.095000000000000000e+03 2.123235808370481370e-01
5.096000000000000000e+03 2.146680932761965976e-01
5.097000000000000000e+03 2.166578922474728941e-01
5.098000000000000000e+03 2.182878308934001199e-01
5.099000000000000000e+03 2.208559627370270118e-01
5.100000000000000000e+03 2.229131109256674570e-01
5.101000000000000000e+03 2.254206109162114335e-01
5.102000000000000000e+03 2.268458579797389130e-01
5.103000000000000000e+03 2.298332387986391501e-01
5.104000000000000000e+03 2.317630302178973756e-01
5.105000000000000000e+03 2.338674250756196116e-01
5.106000000000000000e+03 2.359732029518643304e-01
5.107000000000000000e+03 2.381987574775724370e-01
5.108000000000000000e+03 2.404375963524919835e-01
5.109000000000000000e+03 2.430140769496055009e-01
5.110000000000000000e+03 2.447141857394849185e-01
5.111000000000000000e+03 2.467874076559348762e-01
5.112000000000000000e+03 2.492869738939302027e-01
5.113000000000000000e+03 2.515490946274450135e-01
5.114000000000000000e+03 2.537025075387839279e-01
5.115000000000000000e+03 2.556399663793290089e-01
5.116000000000000000e+03 2.580118682505428973e-01
5.117000000000000000e+03 2.598996598651442946e-01
5.118000000000000000e+03 2.619176740591650510e-01
5.119000000000000000e+03 2.636876502546711132e-01
5.120000000000000000e+03 2.657217960354785746e-01
5.121000000000000000e+03 2.682233182848364206e-01
5.122000000000000000e+03 2.688728516588466122e-01
5.123000000000000000e+03 2.708214448342001757e-01
5.124000000000000000e+03 2.733033298006379841e-01
5.125000000000000000e+03 2.762844138531294069e-01
5.126000000000000000e+03 2.776089408547406379e-01
5.127000000000000000e+03 2.800582342821618664e-01
5.128000000000000000e+03 2.816371469969912167e-01
5.129000000000000000e+03 2.837202658759799268e-01
5.130000000000000000e+03 2.865011743877245443e-01
5.131000000000000000e+03 2.880179803944440953e-01
5.132000000000000000e+03 2.905138157991971060e-01
5.133000000000000000e+03 2.919918520439073739e-01
5.134000000000000000e+03 2.945864668862831492e-01
5.135000000000000000e+03 2.960625424765159774e-01
5.136000000000000000e+03 2.982962309306370075e-01
5.137000000000000000e+03 3.003561773521889466e-01
5.138000000000000000e+03 3.020216798148868120e-01
5.139000000000000000e+03 3.037833007421470444e-01
5.140000000000000000e+03 3.064152954713159072e-01
5.141000000000000000e+03 3.076076344519420580e-01
5.142000000000000000e+03 3.109490714499341113e-01
5.143000000000000000e+03 3.132354955814311004e-01
5.144000000000000000e+03 3.153948136717800721e-01
5.145000000000000000e+03 3.177878376870339472e-01
5.146000000000000000e+03 3.182490809960066280e-01
5.147000000000000000e+03 3.209629551224087440e-01
5.148000000000000000e+03 3.230234467680905275e-01
5.149000000000000000e+03 3.255657523438552081e-01
5.150000000000000000e+03 3.279061379711983859e-01
5.151000000000000000e+03 3.302101562348540020e-01
5.152000000000000000e+03 3.314070671004950008e-01
5.153000000000000000e+03 3.324344909349501997e-01
5.154000000000000000e+03 3.348428980955756029e-01
5.155000000000000000e+03 3.369606515563629556e-01
5.156000000000000000e+03 3.401419337173015034e-01
5.157000000000000000e+03 3.417964317804373375e-01
5.158000000000000000e+03 3.432491212939293157e-01
5.159000000000000000e+03 3.453537529865325362e-01
5.160000000000000000e+03 3.473797552107613651e-01
5.161000000000000000e+03 3.491864652161439930e-01
5.162000000000000000e+03 3.505278790846537706e-01
5.163000000000000000e+03 3.527131998812517710e-01
5.164000000000000000e+03 3.546272355001330312e-01
5.165000000000000000e+03 3.571856389371094731e-01
5.166000000000000000e+03 3.584605555459496329e-01
5.167000000000000000e+03 3.614153768417338597e-01
5.168000000000000000e+03 3.633716252187020879e-01
5.169000000000000000e+03 3.644734432443901828e-01
5.170000000000000000e+03 3.672083386260532323e-01
5.171000000000000000e+03 3.692169419809239739e-01
5.172000000000000000e+03 3.716373691596269180e-01
5.173000000000000000e+03 3.738190322610492888e-01
5.174000000000000000e+03 3.747279746592909189e-01
5.175000000000000000e+03 3.766549014382891136e-01
5.176000000000000000e+03 3.786274745772424954e-01
5.177000000000000000e+03 3.813898571303502294e-01
5.178000000000000000e+03 3.822408352353146022e-01
5.179000000000000000e+03 3.837143925293057811e-01
5.180000000000000000e+03 3.859571531630945351e-01
5.181000000000000000e+03 3.881229585855478503e-01
5.182000000000000000e+03 3.899582036667402218e-01
5.183000000000000000e+03 3.914767392519589717e-01
5.184000000000000000e+03 3.947856176806534556e-01
5.185000000000000000e+03 3.962801616404942329e-01
5.186000000000000000e+03 3.990153192322032916e-01
5.187000000000000000e+03 4.012092069367279024e-01
5.188000000000000000e+03 4.035036226977472551e-01
5.189000000000000000e+03 4.058026296720986803e-01
5.190000000000000000e+03 4.070798998725588258e-01
5.191000000000000000e+03 4.093730002641679522e-01
5.192000000000000000e+03 4.115707728525863085e-01
5.193000000000000000e+03 4.132248270482834496e-01
5.194000000000000000e+03 4.170358586642475274e-01
5.195000000000000000e+03 4.176089199988735623e-01
5.196000000000000000e+03 4.209777488944609902e-01
5.197000000000000000e+03 4.235320903612795895e-01
5.198000000000000000e+03 4.260734619149840197e-01
5.199000000000000000e+03 4.284843014922116722e-01
5.200000000000000000e+03 4.301655850764631306e-01
5.201000000000000000e+03 4.314077351836190233e-01
5.202000000000000000e+03 4.341037623980193438e-01
5.203000000000000000e+03 4.344312721044547021e-01
5.204000000000000000e+03 4.373103361126879918e-01
5.205000000000000000e+03 4.386602603438969350e-01
5.206000000000000000e+03 4.395619706759127943e-01
5.207000000000000000e+03 4.423534004512616469e-01
5.208000000000000000e+03 4.437348655456503921e-01
5.209000000000000000e+03 4.455667079790777141e-01
5.210000000000000000e+03 4.471037368771536014e-01
5.211000000000000000e+03 4.503276609424235466e-01
5.212000000000000000e+03 4.522273565332092793e-01
5.213000000000000000e+03 4.546141418569905057e-01
5.214000000000000000e+03 4.568166764462048834e-01
5.215000000000000000e+03 4.591478362751468256e-01
5.216000000000000000e+03 4.621296715765184637e-01
5.217000000000000000e+03 4.636573890125117448e-01
5.218000000000000000e+03 4.659389453233727107e-01
5.219000000000000000e+03 4.675198004081629333e-01
5.220000000000000000e+03 4.689999041709925209e-01
5.221000000000000000e+03 4.726462179192025270e-01
5.222000000000000000e+03 4.747973052775800173e-01
5.223000000000000000e+03 4.774715529691773708e-01
5.224000000000000000e+03 4.801628664495864451e-01
5.225000000000000000e+03 4.825614959649418001e-01
5.226000000000000000e+03 4.841641202784969789e-01
5.227000000000000000e+03 4.863191956771172886e-01
5.228000000000000000e+03 4.892105198136847410e-01
5.229000000000000000e+03 4.917595732039297673e-01
5.230000000000000000e+03 4.917492227637822455e-01
5.231000000000000000e+03 4.949001122787957674e-01
5.232000000000000000e+03 4.972180579451548343e-01
5.233000000000000000e+03 4.995012772112077948e-01
5.234000000000000000e+03 5.023341069474885900e-01
5.235000000000000000e+03 5.045080694599428650e-01
5.236000000000000000e+03 5.069776274587799447e-01
5.237000000000000000e+03 5.081317099396159831e-01
5.238000000000000000e+03 5.106721409565010417e-01
5.239000000000000000e+03 5.137916938694205848e-01
5.240000000000000000e+03 5.151854623918948883e-01
5.241000000000000000e+03 5.175313508309028476e-01
5.242000000000000000e+03 5.202124277174761113e-01
5.243000000000000000e+03 5.209001282562956137e-01
5.244000000000000000e+03 5.240484841779809999e-01
5.245000000000000000e+03 5.248922895694122515e-01
5.246000000000000000e+03 5.281671312264196727e-01
5.247000000000000000e+03 5.290299135705697209e-01
5.248000000000000000e+03 5.305375272525106878e-01
5.249000000000000000e+03 5.325421341087506200e-01
5.250000000000000000e+03 5.350569626271431956e-01
5.251000000000000000e+03 5.369206419313583556e-01
5.252000000000000000e+03 5.391367918627273381e-01
5.253000000000000000e+03 5.412081994728190626e-01
5.254000000000000000e+03 5.429542842118636470e-01
5.255000000000000000e+03 5.456850006816471588e-01
5.256000000000000000e+03 5.476217866663771749e-01
5.257000000000000000e+03 5.488354843739727817e-01
5.258000000000000000e+03 5.513526168854341325e-01
5.259000000000000000e+03 5.527534858472105128e-01
5.260000000000000000e+03 5.552378338604154751e-01
5.261000000000000000e+03 5.576742462057996397e-01
5.262000000000000000e+03 5.597472690441758214e-01
5.263000000000000000e+03 5.618211861681819963e-01
5.264000000000000000e+03 5.625910278103778417e-01
5.265000000000000000e+03 5.647947544924879493e-01
5.266000000000000000e+03 5.676055809725887302e-01
5.267000000000000000e+03 5.687496459858428777e-01
5.268000000000000000e+03 5.714935753224552606e-01
5.269000000000000000e+03 5.736625726528215008e-01
5.270000000000000000e+03 5.756889591758377334e-01
5.271000000000000000e+03 5.774080781401070839e-01
5.272000000000000000e+03 5.784957735002903556e-01
5.273000000000000000e+03 5.813976999210276331e-01
5.274000000000000000e+03 5.828326114133932645e-01
5.275000000000000000e+03 5.843247706475468428e-01
5.276000000000000000e+03 5.866489974053007428e-01
5.277000000000000000e+03 5.888733524775160433e-01
5.278000000000000000e+03 5.905151484525145156e-01
5.279000000000000000e+03 5.917377322192357569e-01
5.280000000000000000e+03 5.945132997444863010e-01
5.281000000000000000e+03 5.963019826561928305e-01
5.282000000000000000e+03 5.998933636335934683e-01
5.283000000000000000e+03 6.010672502615599377e-01
5.284000000000000000e+03 6.028025832009199503e-01
5.285000000000000000e+03 6.041880755320840901e-01
5.286000000000000000e+03 6.057521189036576548e-01
5.287000000000000000e+03 6.081081656874091079e-01
5.288000000000000000e+03 6.098996845708380965e-01
5.289000000000000000e+03 6.124425007813218969e-01
5.290000000000000000e+03 6.140228568211845150e-01
5.291000000000000000e+03 6.164902460171980403e-01
5.292000000000000000e+03 6.190646046025741756e-01
5.293000000000000000e+03 6.210078136356556033e-01
5.294000000000000000e+03 6.237168965708234092e-01
5.295000000000000000e+03 6.249454978871459288e-01
5.296000000000000000e+03 6.271839316052514324e-01
5.297000000000000000e+03 6.298467048268384660e-01
5.298000000000000000e+03 6.311939090922259465e-01
5.299000000000000000e+03 6.331477992344596295e-01
5.300000000000000000e+03 6.358649844420706243e-01
5.301000000000000000e+03 6.367710718642106693e-01
5.302000000000000000e+03 6.381128756464393703e-01
5.303000000000000000e+03 6.402839556120442088e-01
5.304000000000000000e+03 6.420504261474099250e-01
5.305000000000000000e+03 6.436427538665601134e-01
5.306000000000000000e+03 6.445707663677741062e-01
5.307000000000000000e+03 6.467009213379617538e-01
5.308000000000000000e+03 6.487221950350176014e-01
5.309000000000000000e+03 6.511141118652001847e-01
5.310000000000000000e+03 6.538313262992433428e-01
5.311000000000000000e+03 6.559649035694519181e-01
5.312000000000000000e+03 6.577896417483038993e-01
5.313000000000000000e+03 6.598114130865552207e-01
5.314000000000000000e+03 6.615504286283458990e-01
5.315000000000000000e+03 6.638150623311164233e-01
5.316000000000000000e+03 6.654680495820759489e-01
5.317000000000000000e+03 6.674364228611407990e-01
5.318000000000000000e+03 6.703816057691253105e-01
5.319000000000000000e+03 6.726242337681823669e-01
5.320000000000000000e+03 6.751321798937336416e-01
5.321000000000000000e+03 6.765268131154749121e-01
5.322000000000000000e+03 6.807690437721164445e-01
5.323000000000000000e+03 6.826748767336782153e-01
5.324000000000000000e+03 6.850078134721028222e-01
5.325000000000000000e+03 6.874857511785296138e-01
5.326000000000000000e+03 6.880652273190769330e-01
5.327000000000000000e+03 6.893015137473165188e-01
5.328000000000000000e+03 6.914536538331406135e-01
5.329000000000000000e+03 6.915654071431229788e-01
5.330000000000000000e+03 6.943331309706693988e-01
5.331000000000000000e+03 6.948150397786774235e-01
5.332000000000000000e+03 6.973959345028598600e-01
5.333000000000000000e+03 6.985349321854857907e-01
5.334000000000000000e+03 6.998639428529186413e-01
5.335000000000000000e+03 7.006636716893327455e-01
5.336000000000000000e+03 7.030165759117709134e-01
5.337000000000000000e+03 7.055208557757780552e-01
5.338000000000000000e+03 7.074683184784968937e-01
5.339000000000000000e+03 7.104346005668960018e-01
5.340000000000000000e+03 7.134579985901927657e-01
5.341000000000000000e+03 7.160532727189684588e-01
5.342000000000000000e+03 7.180227057801351620e-01
5.343000000000000000e+03 7.199265785551300922e-01
5.344000000000000000e+03 7.210402904069369567e-01
5.345000000000000000e+03 7.234996077087187949e-01
5.346000000000000000e+03 7.265369535068383344e-01
5.347000000000000000e+03 7.293054231123067277e-01
5.348000000000000000e+03 7.317830252186691142e-01
5.349000000000000000e+03 7.343483002145508864e-01
5.350000000000000000e+03 7.366089047009242163e-01
5.351000000000000000e+03 7.389813491687685643e-01
5.352000000000000000e+03 7.405271589180123515e-01
5.353000000000000000e+03 7.438627882424179161e-01
5.354000000000000000e+03 7.467063736656434081e-01
5.355000000000000000e+03 7.480227359827011924e-01
5.356000000000000000e+03 7.491282015894921154e-01
5.357000000000000000e+03 7.523832459380660476e-01
5.358000000000000000e+03 7.542353485517453437e-01
5.359000000000000000e+03 7.556601712381209035e-01
5.360000000000000000e+03 7.594013448066756489e-01
5.361000000000000000e+03 7.612749283440450876e-01
5.362000000000000000e+03 7.627443477583396580e-01
5.363000000000000000e+03 7.643341897910339577e-01
5.364000000000000000e+03 7.667828156176396126e-01
5.365000000000000000e+03 7.701796460986710668e-01
5.366000000000000000e+03 7.710903144401056730e-01
5.367000000000000000e+03 7.738460428328902685e-01
5.368000000000000000e+03 7.754348435839589770e-01
5.369000000000000000e+03 7.770313251277670696e-01
5.370000000000000000e+03 7.799872691216670484e-01
5.371000000000000000e+03 7.813492198497201668e-01
5.372000000000000000e+03 7.838400618897547467e-01
5.373000000000000000e+03 7.850725544247648680e-01
5.374000000000000000e+03 7.855102248525845932e-01
5.375000000000000000e+03 7.871023563371185583e-01
5.376000000000000000e+03 7.905913469008205574e-01
5.377000000000000000e+03 7.914570390746212825e-01
5.378000000000000000e+03 7.946023651655168551e-01
5.379000000000000000e+03 7.967355932302523369e-01
5.380000000000000000e+03 7.982321685351031482e-01
5.381000000000000000e+03 8.008317994178780763e-01
5.382000000000000000e+03 8.020638830707843558e-01
5.383000000000000000e+03 8.053805253643918638e-01
5.384000000000000000e+03 8.066468047347051806e-01
5.385000000000000000e+03 8.095713388804650634e-01
5.386000000000000000e+03 8.112523584550127564e-01
5.387000000000000000e+03 8.126585853560533979e-01
5.388000000000000000e+03 8.149355543408418612e-01
5.389000000000000000e+03 8.175020397861222365e-01
5.390000000000000000e+03 8.185796916196889095e-01
5.391000000000000000e+03 8.209601136797287646e-01
5.392000000000000000e+03 8.221820602958330726e-01
5.393000000000000000e+03 8.246830314541782059e-01
5.394000000000000000e+03 8.270185825905357335e-01
5.395000000000000000e+03 8.295208338090191980e-01
5.396000000000000000e+03 8.311232924461365856e-01
5.397000000000000000e+03 8.323461059210958135e-01
5.398000000000000000e+03 8.338131631054158666e-01
5.399000000000000000e+03 8.370514827362004473e-01
5.400000000000000000e+03 8.383251067232969644e-01
5.401000000000000000e+03 8.411319844676675705e-01
5.402000000000000000e+03 8.439345696698058452e-01
5.403000000000000000e+03 8.455753091740728644e-01
5.404000000000000000e+03 8.479831450515319391e-01
5.405000000000000000e+03 8.476682812119448185e-01
5.406000000000000000e+03 8.502255151237266828e-01
5.407000000000000000e+03 8.520519128744149517e-01
5.408000000000000000e+03 8.558516885347408065e-01
5.409000000000000000e+03 8.552383031822063941e-01
5.410000000000000000e+03 8.586592181869177054e-01
5.411000000000000000e+03 8.600861993100908931e-01
5.412000000000000000e+03 8.606065684470572963e-01
5.413000000000000000e+03 8.621083649172299745e-01
5.414000000000000000e+03 8.659300298794456729e-01
5.415000000000000000e+03 8.681774844869897256e-01
5.416000000000000000e+03 8.709494783970460619e-01
5.417000000000000000e+03 8.717126098375960197e-01
5.418000000000000000e+03 8.738548302132153056e-01
5.419000000000000000e+03 8.766234606360465698e-01
5.420000000000000000e+03 8.781492849766917574e-01
5.421000000000000000e+03 8.797804235260269223e-01
5.422000000000000000e+03 8.827705623734979357e-01
5.423000000000000000e+03 8.840691440059368356e-01
5.424000000000000000e+03 8.871662515948939287e-01
5.425000000000000000e+03 8.884334243150147081e-01
5.426000000000000000e+03 8.903318817776760818e-01
5.427000000000000000e+03 8.926717459003703503e-01
5.428000000000000000e+03 8.942315116308739986e-01
5.429000000000000000e+03 8.951400024591439353e-01
5.430000000000000000e+03 8.970363177539065758e-01
5.431000000000000000e+03 8.978304053850220123e-01
5.432000000000000000e+03 8.994399938318461407e-01
5.433000000000000000e+03 9.008239576782012259e-01
5.434000000000000000e+03 9.018708468923245514e-01
5.435000000000000000e+03 9.053700013437130378e-01
5.436000000000000000e+03 9.077506580790458690e-01
5.437000000000000000e+03 9.106706628476941567e-01
5.438000000000000000e+03 9.121272831723300500e-01
5.439000000000000000e+03 9.146439441736197162e-01
5.440000000000000000e+03 9.156840031849581285e-01
5.441000000000000000e+03 9.196672721761441904e-01
5.442000000000000000e+03 9.195250995493168267e-01
5.443000000000000000e+03 9.233231807964431548e-01
5.444000000000000000e+03 9.241500257869846857e-01
5.445000000000000000e+03 9.275207718213392960e-01
5.446000000000000000e+03 9.284960620357217698e-01
5.447000000000000000e+03 9.312909878970345723e-01
5.448000000000000000e+03 9.349218254216054014e-01
5.449000000000000000e+03 9.371930180828353940e-01
5.450000000000000000e+03 9.391914817734045018e-01
5.451000000000000000e+03 9.402612439100291875e-01
5.452000000000000000e+03 9.412837473378657949e-01
5.453000000000000000e+03 9.442135657089346656e-01
5.454000000000000000e+03 9.440554576219573057e-01
5.455000000000000000e+03 9.462060568413304118e-01
5.456000000000000000e+03 9.481922179316555344e-01
5.457000000000000000e+03 9.506898646193424618e-01
5.458000000000000000e+03 9.526832764563347711e-01
5.459000000000000000e+03 9.537377422270565397e-01
5.460000000000000000e+03 9.552208416991763151e-01
5.461000000000000000e+03 9.566224014413534649e-01
5.462000000000000000e+03 9.588384608139740584e-01
5.463000000000000000e+03 9.612928277628428608e-01
5.464000000000000000e+03 9.638037802516546959e-01
5.465000000000000000e+03 9.665324438885214420e-01
5.466000000000000000e+03 9.693005737187209148e-01
5.467000000000000000e+03 9.727595400983010121e-01
5.468000000000000000e+03 9.726757230102157648e-01
5.469000000000000000e+03 9.744949313465528506e-01
5.470000000000000000e+03 9.768245568597949680e-01
5.471000000000000000e+03 9.785772595140668217e-01
5.472000000000000000e+03 9.822012727387293696e-01
5.473000000000000000e+03 9.856504168775342967e-01
5.474000000000000000e+03 9.882390703556045430e-01
5.475000000000000000e+03 9.915155752557490709e-01
5.476000000000000000e+03 9.936969293200451636e-01
5.477000000000000000e+03 9.956924500672718059e-01
5.478000000000000000e+03 9.979257302871654689e-01
5.479000000000000000e+03 1.000842170294932609e+00
5.480000000000000000e+03 1.004335457864014902e+00
5.481000000000000000e+03 1.004381271376126206e+00
5.482000000000000000e+03 1.006611353677252074e+00
5.483000000000000000e+03 1.009119390001619543e+00
5.484000000000000000e+03 1.011527788667863526e+00
5.485000000000000000e+03 1.012503541322145706e+00
5.486000000000000000e+03 1.015310379474059443e+00
5.487000000000000000e+03 1.018186303008582039e+00
5.488000000000000000e+03 1.018723652846571293e+00
5.489000000000000000e+03 1.020484955558454754e+00
5.490000000000000000e+03 1.024238504793333115e+00
5.491000000000000000e+03 1.027540939153680943e+00
5.492000000000000000e+03 1.027709033322219412e+00
5.493000000000000000e+03 1.031094918648401526e+00
5.494000000000000000e+03 1.031452635636075810e+00
5.495000000000000000e+03 1.035030247508615941e+00
5.496000000000000000e+03 1.036457023902791708e+00
5.497000000000000000e+03 1.039560329798915328e+00
5.498000000000000000e+03 1.040442374449421115e+00
5.499000000000000000e+03 1.042423859310610545e+00
5.500000000000000000e+03 1.043415091463908873e+00
5.501000000000000000e+03 1.046200999603179138e+00
5.502000000000000000e+03 1.048038868656480549e+00
5.503000000000000000e+03 1.049432990343674765e+00
5.504000000000000000e+03 1.051820984353190269e+00
5.505000000000000000e+03 1.054468370290194246e+00
5.506000000000000000e+03 1.055561831607910506e+00
5.507000000000000000e+03 1.057421292659741052e+00
5.508000000000000000e+03 1.058393064904328051e+00
5.509000000000000000e+03 1.061291799165200667e+00
5.510000000000000000e+03 1.063381296425049305e+00
5.511000000000000000e+03 1.065769291874290703e+00
5.512000000000000000e+03 1.067308569875892843e+00
5.513000000000000000e+03 1.070237973030062628e+00
5.514000000000000000e+03 1.071834179658244457e+00
5.515000000000000000e+03 1.073379552306760409e+00
5.516000000000000000e+03 1.074961070133291896e+00
5.517000000000000000e+03 1.077577506142537889e+00
5.518000000000000000e+03 1.079430217328279484e+00
5.519000000000000000e+03 1.081918618385342645e+00
5.520000000000000000e+03 1.084564491026643651e+00
5.521000000000000000e+03 1.085081948606288149e+00
5.522000000000000000e+03 1.087459902832472958e+00
5.523000000000000000e+03 1.088142121903562742e+00
5.524000000000000000e+03 1.090889088197606771e+00
5.525000000000000000e+03 1.093296081115659346e+00
5.526000000000000000e+03 1.093985116280219660e+00
5.527000000000000000e+03 1.097634991873865040e+00
5.528000000000000000e+03 1.099641230803179992e+00
5.529000000000000000e+03 1.101578945842917490e+00
5.530000000000000000e+03 1.102140191816477266e+00
5.531000000000000000e+03 1.104110820569854434e+00
5.532000000000000000e+03 1.106049309030247008e+00
5.533000000000000000e+03 1.109543773143187417e+00
5.534000000000000000e+03 1.110861154570095932e+00
5.535000000000000000e+03 1.113633088731535770e+00
5.536000000000000000e+03 1.115186103156223352e+00
5.537000000000000000e+03 1.115863992684129391e+00
5.538000000000000000e+03 1.117762974926814978e+00
5.539000000000000000e+03 1.120119392583911244e+00
5.540000000000000000e+03 1.122727515904798912e+00
5.541000000000000000e+03 1.124447614818378627e+00
5.542000000000000000e+03 1.127259521668660058e+00
5.543000000000000000e+03 1.127367957490654105e+00
5.544000000000000000e+03 1.130655169055082121e+00
5.545000000000000000e+03 1.132921311302461209e+00
5.546000000000000000e+03 1.133702585230702331e+00
5.547000000000000000e+03 1.136086444203980195e+00
5.548000000000000000e+03 1.138461483129556528e+00
5.549000000000000000e+03 1.139955014278347667e+00
5.550000000000000000e+03 1.143081504797589965e+00
5.551000000000000000e+03 1.144497197175371017e+00
5.552000000000000000e+03 1.145322144751387716e+00
5.553000000000000000e+03 1.147642666159044866e+00
5.554000000000000000e+03 1.149161992153683753e+00
5.555000000000000000e+03 1.151434556729551861e+00
5.556000000000000000e+03 1.151213394271002333e+00
5.557000000000000000e+03 1.153770012700039427e+00
5.558000000000000000e+03 1.154696826053702052e+00
5.559000000000000000e+03 1.156336680558568419e+00
5.560000000000000000e+03 1.157950780241961519e+00
5.561000000000000000e+03 1.162172327151044682e+00
5.562000000000000000e+03 1.163903949485308509e+00
5.563000000000000000e+03 1.165934622287750244e+00
5.564000000000000000e+03 1.168782273640379676e+00
5.565000000000000000e+03 1.170109737178553821e+00
5.566000000000000000e+03 1.170006292309737628e+00
5.567000000000000000e+03 1.172444154242962000e+00
5.568000000000000000e+03 1.175092423307723566e+00
5.569000000000000000e+03 1.178872891382318988e+00
5.570000000000000000e+03 1.180606202802796156e+00
5.571000000000000000e+03 1.183473215874842221e+00
5.572000000000000000e+03 1.184201111684098695e+00
5.573000000000000000e+03 1.187962607485084421e+00
5.574000000000000000e+03 1.190505843519588991e+00
5.575000000000000000e+03 1.192469868683009748e+00
5.576000000000000000e+03 1.194226851065953943e+00
5.577000000000000000e+03 1.195458039137476725e+00
5.578000000000000000e+03 1.196166004967573526e+00
5.579000000000000000e+03 1.199122552566481703e+00
5.580000000000000000e+03 1.198734083325390554e+00
5.581000000000000000e+03 1.201724540064299962e+00
5.582000000000000000e+03 1.202957619215555107e+00
5.583000000000000000e+03 1.205055538726889752e+00
5.584000000000000000e+03 1.206418473363498611e+00
5.585000000000000000e+03 1.208436325840327230e+00
5.586000000000000000e+03 1.209943918934190954e+00
5.587000000000000000e+03 1.211108994656715288e+00
5.588000000000000000e+03 1.213176869251877621e+00
5.589000000000000000e+03 1.216825670954109873e+00
5.590000000000000000e+03 1.219011507460460830e+00
5.591000000000000000e+03 1.221344332188224469e+00
5.592000000000000000e+03 1.223391436580298697e+00
5.593000000000000000e+03 1.225950722821092853e+00
5.594000000000000000e+03 1.227012843613463078e+00
5.595000000000000000e+03 1.228126875732256096e+00
5.596000000000000000e+03 1.230452985147347134e+00
5.597000000000000000e+03 1.233130049734300071e+00
5.598000000000000000e+03 1.236403191003246915e+00
5.599000000000000000e+03 1.239426641072627788e+00
5.600000000000000000e+03 1.241924995097561046e+00
5.601000000000000000e+03 1.244706345209176668e+00
5.602000000000000000e+03 1.246723379057962822e+00
5.603000000000000000e+03 1.248054284548413717e+00
5.604000000000000000e+03 1.252592609268455615e+00
5.605000000000000000e+03 1.255751576112664747e+00
5.606000000000000000e+03 1.257566012190160398e+00
5.607000000000000000e+03 1.257702584139966717e+00
5.608000000000000000e+03 1.260792701716583863e+00
5.609000000000000000e+03 1.263532550726535808e+00
5.610000000000000000e+03 1.265277996587292231e+00
5.611000000000000000e+03 1.267556085678690492e+00
5.612000000000000000e+03 1.270940316472076725e+00
5.613000000000000000e+03 1.271457461343295181e+00
5.614000000000000000e+03 1.273236933537727600e+00
5.615000000000000000e+03 1.276985459857517213e+00
5.616000000000000000e+03 1.280574188140279013e+00
5.617000000000000000e+03 1.281885434320007455e+00
5.618000000000000000e+03 1.283020152129988656e+00
5.619000000000000000e+03 1.286235333640794787e+00
5.620000000000000000e+03 1.286809853165621353e+00
5.621000000000000000e+03 1.290325837434778355e+00
5.622000000000000000e+03 1.291177957386209885e+00
5.623000000000000000e+03 1.295283817150742367e+00
5.624000000000000000e+03 1.296533133672631344e+00
5.625000000000000000e+03 1.298199255109408368e+00
5.626000000000000000e+03 1.298680700541694488e+00
5.627000000000000000e+03 1.302138842390356155e+00
5.628000000000000000e+03 1.303588564989070830e+00
5.629000000000000000e+03 1.305337560493588844e+00
5.630000000000000000e+03 1.306872236555900013e+00
5.631000000000000000e+03 1.309223520726974010e+00
5.632000000000000000e+03 1.311060997598989308e+00
5.633000000000000000e+03 1.313671680176316636e+00
5.634000000000000000e+03 1.314155387561678046e+00
5.635000000000000000e+03 1.316290865773739993e+00
5.636000000000000000e+03 1.318642924085330792e+00
5.637000000000000000e+03 1.319849803251920806e+00
5.638000000000000000e+03 1.321634357246223690e+00
5.639000000000000000e+03 1.323596428557871407e+00
5.640000000000000000e+03 1.326284009477366244e+00
5.641000000000000000e+03 1.326895941858706296e+00
5.642000000000000000e+03 1.328535081683724917e+00
5.643000000000000000e+03 1.332107591168316230e+00
5.644000000000000000e+03 1.333058061375134384e+00
5.645000000000000000e+03 1.335805100087381625e+00
5.646000000000000000e+03 1.338317652543386416e+00
5.647000000000000000e+03 1.339035492876302191e+00
5.648000000000000000e+03 1.340827650350072231e+00
5.649000000000000000e+03 1.342486031677411651e+00
5.650000000000000000e+03 1.345423031256394175e+00
5.651000000000000000e+03 1.346791937875287504e+00
5.652000000000000000e+03 1.348659447569777958e+00
5.653000000000000000e+03 1.350755089578996815e+00
5.654000000000000000e+03 1.353660973517790689e+00
5.655000000000000000e+03 1.356345776630484279e+00
5.656000000000000000e+03 1.355865313811002393e+00
5.657000000000000000e+03 1.358039426918767667e+00
5.658000000000000000e+03 1.360866351404051988e+00
5.659000000000000000e+03 1.364821846070496392e+00
5.660000000000000000e+03 1.365618687033077316e+00
5.661000000000000000e+03 1.368305032379960151e+00
5.662000000000000000e+03 1.369675735776550995e+00
5.663000000000000000e+03 1.369695484350269110e+00
5.664000000000000000e+03 1.373721554659414146e+00
5.665000000000000000e+03 1.375955999185497269e+00
5.666000000000000000e+03 1.377319325571474851e+00
5.667000000000000000e+03 1.379222620800497401e+00
5.668000000000000000e+03 1.380548603148852083e+00
5.669000000000000000e+03 1.381660623826842516e+00
5.670000000000000000e+03 1.384177107022004583e+00
5.671000000000000000e+03 1.386585909819257445e+00
5.672000000000000000e+03 1.388271986286421233e+00
5.673000000000000000e+03 1.389954402106971409e+00
5.674000000000000000e+03 1.392754989977619928e+00
5.675000000000000000e+03 1.395274008385800402e+00
5.676000000000000000e+03 1.396396504940041305e+00
5.677000000000000000e+03 1.399594438104813321e+00
5.678000000000000000e+03 1.400286173762906428e+00
5.679000000000000000e+03 1.402627660888404293e+00
5.680000000000000000e+03 1.404120615427045804e+00
5.681000000000000000e+03 1.406550128822741774e+00
5.682000000000000000e+03 1.407527250080293113e+00
5.683000000000000000e+03 1.408034128411380870e+00
5.684000000000000000e+03 1.409976041979258854e+00
5.685000000000000000e+03 1.410903507096757048e+00
5.686000000000000000e+03 1.414086379722695908e+00
5.687000000000000000e+03 1.417456664037012315e+00
5.688000000000000000e+03 1.418851727592773448e+00
5.689000000000000000e+03 1.421595608842545433e+00
5.690000000000000000e+03 1.423718329213091494e+00
5.691000000000000000e+03 1.424411065336588011e+00
5.692000000000000000e+03 1.425894386238521383e+00
5.693000000000000000e+03 1.427192597429533860e+00
5.694000000000000000e+03 1.431134348474262241e+00
5.695000000000000000e+03 1.433492157770238862e+00
5.696000000000000000e+03 1.434846651726875422e+00
5.697000000000000000e+03 1.437080929244774152e+00
5.698000000000000000e+03 1.438831261966539321e+00
5.699000000000000000e+03 1.442386476457984346e+00
5.700000000000000000e+03 1.443586195004735062e+00
5.701000000000000000e+03 1.444550638469520587e+00
5.702000000000000000e+03 1.447076062073454183e+00
5.703000000000000000e+03 1.448078347145072442e+00
5.704000000000000000e+03 1.450085550402673285e+00
5.705000000000000000e+03 1.451819754021179243e+00
5.706000000000000000e+03 1.452353182046310254e+00
5.707000000000000000e+03 1.454524653833270342e+00
5.708000000000000000e+03 1.455905455178107433e+00
5.709000000000000000e+03 1.457771903506799527e+00
5.710000000000000000e+03 1.459865441932770791e+00
5.711000000000000000e+03 1.461231498614601554e+00
5.712000000000000000e+03 1.462441473623404598e+00
5.713000000000000000e+03 1.464022982091720548e+00
5.714000000000000000e+03 1.467414795344578637e+00
5.715000000000000000e+03 1.470521167568538123e+00
5.716000000000000000e+03 1.473576678026126130e+00
5.717000000000000000e+03 1.474433688149936250e+00
5.718000000000000000e+03 1.478370083414990210e+00
5.719000000000000000e+03 1.479110685811525938e+00
5.720000000000000000e+03 1.479425253787478800e+00
5.721000000000000000e+03 1.481050952333182957e+00
5.722000000000000000e+03 1.483425290400279151e+00
5.723000000000000000e+03 1.485397323174177941e+00
5.724000000000000000e+03 1.488094948052208544e+00
5.725000000000000000e+03 1.490741209707397985e+00
5.726000000000000000e+03 1.494138291780499728e+00
5.727000000000000000e+03 1.496932648086318318e+00
5.728000000000000000e+03 1.497991153583434931e+00
5.729000000000000000e+03 1.499868190806844526e+00
5.730000000000000000e+03 1.503718718238499008e+00
5.731000000000000000e+03 1.505677652819721324e+00
5.732000000000000000e+03 1.507371044245320313e+00
5.733000000000000000e+03 1.509623570574654572e+00
5.734000000000000000e+03 1.511969610688765897e+00
5.735000000000000000e+03 1.514453695736069472e+00
5.736000000000000000e+03 1.514356604376853044e+00
5.737000000000000000e+03 1.519056455668619465e+00
5.738000000000000000e+03 1.521568187624935398e+00
5.739000000000000000e+03 1.521366367593480318e+00
5.740000000000000000e+03 1.523557746755903386e+00
5.741000000000000000e+03 1.526627271791586749e+00
5.742000000000000000e+03 1.530491991895407189e+00
5.743000000000000000e+03 1.531066364712184269e+00
5.744000000000000000e+03 1.534275317537612038e+00
5.745000000000000000e+03 1.535266970666710362e+00
5.746000000000000000e+03 1.537746066920422594e+00
5.747000000000000000e+03 1.538422821800490503e+00
5.748000000000000000e+03 1.541547388558227594e+00
5.749000000000000000e+03 1.544401558988912626e+00
5.750000000000000000e+03 1.545240261992394837e+00
5.751000000000000000e+03 1.546458576756398529e+00
5.752000000000000000e+03 1.547512720460477276e+00
5.753000000000000000e+03 1.550623300138879834e+00
5.754000000000000000e+03 1.552005241458543461e+00
5.755000000000000000e+03 1.553814255241033671e+00
5.756000000000000000e+03 1.555722626511024442e+00
5.757000000000000000e+03 1.557024728560793214e+00
5.758000000000000000e+03 1.558804419881480996e+00
5.759000000000000000e+03 1.560857786216599097e+00
5.760000000000000000e+03 1.561787250825172002e+00
5.761000000000000000e+03 1.564654953957756556e+00
5.762000000000000000e+03 1.567264528954086300e+00
5.763000000000000000e+03 1.566383908912179379e+00
5.764000000000000000e+03 1.568586709706680127e+00
5.765000000000000000e+03 1.571021650148474391e+00
5.766000000000000000e+03 1.572000211563663541e+00
5.767000000000000000e+03 1.573731869315180054e+00
5.768000000000000000e+03 1.575052733006684136e+00
5.769000000000000000e+03 1.577786385149196002e+00
5.770000000000000000e+03 1.581300538087235807e+00
5.771000000000000000e+03 1.582844710292447443e+00
5.772000000000000000e+03 1.585397060654589074e+00
5.773000000000000000e+03 1.586140769259364980e+00
5.774000000000000000e+03 1.586829876266239614e+00
5.775000000000000000e+03 1.589819119172395823e+00
5.776000000000000000e+03 1.592250560360830347e+00
5.777000000000000000e+03 1.593483154468489538e+00
5.778000000000000000e+03 1.596162838204471912e+00
5.779000000000000000e+03 1.599782931055999669e+00
5.780000000000000000e+03 1.600946918633825433e+00
5.781000000000000000e+03 1.602439719409757712e+00
5.782000000000000000e+03 1.602376353049624003e+00
5.783000000000000000e+03 1.604641026632796397e+00
5.784000000000000000e+03 1.609397573459550701e+00
5.785000000000000000e+03 1.612184449814368037e+00
5.786000000000000000e+03 1.611953384058486982e+00
5.787000000000000000e+03 1.615805684656335783e+00
5.788000000000000000e+03 1.615859878235968550e+00
5.789000000000000000e+03 1.616145288598710428e+00
5.790000000000000000e+03 1.618659803112923123e+00
5.791000000000000000e+03 1.622026513452115459e+00
5.792000000000000000e+03 1.622676141308125430e+00
5.793000000000000000e+03 1.625244641217632013e+00
5.794000000000000000e+03 1.625592869836925969e+00
5.795000000000000000e+03 1.627659667229306217e+00
5.796000000000000000e+03 1.629760526948503818e+00
5.797000000000000000e+03 1.631605061931886480e+00
5.798000000000000000e+03 1.634136890875544923e+00
5.799000000000000000e+03 1.635730607930012903e+00
5.800000000000000000e+03 1.638963845616954407e+00
5.801000000000000000e+03 1.640239043512207173e+00
5.802000000000000000e+03 1.641879464693115409e+00
5.803000000000000000e+03 1.644076913019309805e+00
5.804000000000000000e+03 1.645969220981505776e+00
5.805000000000000000e+03 1.648531667852170868e+00
5.806000000000000000e+03 1.649309306329000968e+00
5.807000000000000000e+03 1.650528755596869290e+00
5.808000000000000000e+03 1.650745972631058933e+00
5.809000000000000000e+03 1.652443703389975482e+00
5.810000000000000000e+03 1.654314372706528147e+00
5.811000000000000000e+03 1.655153896065726160e+00
5.812000000000000000e+03 1.659382289734438798e+00
5.813000000000000000e+03 1.662444856143804772e+00
5.814000000000000000e+03 1.663914441630461427e+00
5.815000000000000000e+03 1.666966309150059722e+00
5.816000000000000000e+03 1.667820885273569864e+00
5.817000000000000000e+03 1.667965807776519371e+00
5.818000000000000000e+03 1.670560319354569279e+00
5.819000000000000000e+03 1.672956945815525343e+00
5.820000000000000000e+03 1.677414287979477114e+00
5.821000000000000000e+03 1.677359641750078012e+00
5.822000000000000000e+03 1.680097611054130136e+00
5.823000000000000000e+03 1.680637127823300991e+00
5.824000000000000000e+03 1.683687840394926694e+00
5.825000000000000000e+03 1.687302688757578606e+00
5.826000000000000000e+03 1.688183793123217535e+00
5.827000000000000000e+03 1.690340176872585642e+00
5.828000000000000000e+03 1.691200333229009090e+00
5.829000000000000000e+03 1.692037757756053473e+00
5.830000000000000000e+03 1.695154644728858573e+00
5.831000000000000000e+03 1.694213430374716722e+00
5.832000000000000000e+03 1.698070582560295527e+00
5.833000000000000000e+03 1.698015921357749924e+00
5.834000000000000000e+03 1.701191164733131478e+00
5.835000000000000000e+03 1.704109207155624306e+00
5.836000000000000000e+03 1.705260025994213224e+00
5.837000000000000000e+03 1.707583051660786388e+00
5.838000000000000000e+03 1.707456384304064434e+00
5.839000000000000000e+03 1.708403061553476432e+00
5.840000000000000000e+03 1.713591552874891732e+00
5.841000000000000000e+03 1.716633843626952816e+00
5.842000000000000000e+03 1.719066720653848135e+00
5.843000000000000000e+03 1.719590157702349131e+00
5.844000000000000000e+03 1.723622872633633785e+00
5.845000000000000000e+03 1.723049513671709443e+00
5.846000000000000000e+03 1.723458938552561825e+00
5.847000000000000000e+03 1.726349112204306868e+00
5.848000000000000000e+03 1.726984141529469774e+00
5.849000000000000000e+03 1.730710496937019061e+00
5.850000000000000000e+03 1.734058536481167812e+00
5.851000000000000000e+03 1.736139759925251491e+00
5.852000000000000000e+03 1.740557021276962990e+00
5.853000000000000000e+03 1.743695802446724175e+00
5.854000000000000000e+03 1.745543875268115608e+00
5.855000000000000000e+03 1.747795341095486288e+00
5.856000000000000000e+03 1.750715471408217594e+00
5.857000000000000000e+03 1.754564739655757322e+00
5.858000000000000000e+03 1.753863013884870758e+00
5.859000000000000000e+03 1.757305696966568798e+00
5.860000000000000000e+03 1.759699111687389239e+00
5.861000000000000000e+03 1.760637159508783744e+00
5.862000000000000000e+03 1.762656575815689353e+00
5.863000000000000000e+03 1.765808159602437089e+00
5.864000000000000000e+03 1.767613658294584722e+00
5.865000000000000000e+03 1.768764960593071756e+00
5.866000000000000000e+03 1.771092929125983817e+00
5.867000000000000000e+03 1.774211444716523145e+00
5.868000000000000000e+03 1.777504459959297733e+00
5.869000000000000000e+03 1.778182881177912344e+00
5.870000000000000000e+03 1.780068301060348857e+00
5.871000000000000000e+03 1.781660022367026253e+00
5.872000000000000000e+03 1.784146547317504883e+00
5.873000000000000000e+03 1.786217768699075004e+00
5.874000000000000000e+03 1.789558893528536698e+00
5.875000000000000000e+03 1.790381544742030373e+00
5.876000000000000000e+03 1.792777392887262344e+00
5.877000000000000000e+03 1.794153729498674243e+00
5.878000000000000000e+03 1.796032380654616345e+00
5.879000000000000000e+03 1.796845278014308045e+00
5.880000000000000000e+03 1.797987059118667297e+00
5.881000000000000000e+03 1.800266383926650171e+00
5.882000000000000000e+03 1.802105666070744405e+00
5.883000000000000000e+03 1.803949144727366338e+00
5.884000000000000000e+03 1.806004020326955839e+00
5.885000000000000000e+03 1.805929033652597049e+00
5.886000000000000000e+03 1.808468360543826314e+00
5.887000000000000000e+03 1.810268041592289157e+00
5.888000000000000000e+03 1.812515658456921530e+00
5.889000000000000000e+03 1.813158513843149189e+00
5.890000000000000000e+03 1.814609716479903767e+00
5.891000000000000000e+03 1.817000369806796911e+00
5.892000000000000000e+03 1.817634655369651853e+00
5.893000000000000000e+03 1.819800297419229773e+00
5.894000000000000000e+03 1.821558875162243574e+00
5.895000000000000000e+03 1.823708343333092285e+00
5.896000000000000000e+03 1.826584926261993980e+00
5.897000000000000000e+03 1.829803354210324251e+00
5.898000000000000000e+03 1.829623238476001612e+00
5.899000000000000000e+03 1.832225023260439345e+00
5.900000000000000000e+03 1.832041576864638310e+00
5.901000000000000000e+03 1.834807486925724040e+00
5.902000000000000000e+03 1.836542736792909247e+00
5.903000000000000000e+03 1.838780155792328230e+00
5.904000000000000000e+03 1.841553108991632159e+00
5.905000000000000000e+03 1.844411712625751543e+00
5.906000000000000000e+03 1.846130440200584255e+00
5.907000000000000000e+03 1.846900698931319473e+00
5.908000000000000000e+03 1.849169198729565311e+00
5.909000000000000000e+03 1.852005929186723243e+00
5.910000000000000000e+03 1.856094403255388769e+00
5.911000000000000000e+03 1.856782895355408636e+00
5.912000000000000000e+03 1.858334640661875703e+00
5.913000000000000000e+03 1.860965343777108094e+00
5.914000000000000000e+03 1.860839553501295818e+00
5.915000000000000000e+03 1.863225462356050244e+00
5.916000000000000000e+03 1.866033408376905234e+00
5.917000000000000000e+03 1.867215777076962402e+00
5.918000000000000000e+03 1.869010494239088160e+00
5.919000000000000000e+03 1.871629937835362689e+00
5.920000000000000000e+03 1.871905298912582394e+00
5.921000000000000000e+03 1.873774622949425428e+00
5.922000000000000000e+03 1.876765534785633571e+00
5.923000000000000000e+03 1.878179263953426492e+00
5.924000000000000000e+03 1.881171481908807008e+00
5.925000000000000000e+03 1.883354045054762560e+00
5.926000000000000000e+03 1.884270924013017323e+00
5.927000000000000000e+03 1.886752138391209144e+00
5.928000000000000000e+03 1.889514692451641720e+00
5.929000000000000000e+03 1.889815926839763405e+00
5.930000000000000000e+03 1.892360095816534082e+00
5.931000000000000000e+03 1.894000780467250067e+00
5.932000000000000000e+03 1.896847062352775337e+00
5.933000000000000000e+03 1.896523401645070495e+00
5.934000000000000000e+03 1.898439615245026024e+00
5.935000000000000000e+03 1.899843225444572292e+00
5.936000000000000000e+03 1.900236208369765700e+00
5.937000000000000000e+03 1.902436594168345430e+00
5.938000000000000000e+03 1.905683000306575892e+00
5.939000000000000000e+03 1.907339415976390784e+00
5.940000000000000000e+03 1.910713848572421769e+00
5.941000000000000000e+03 1.912851754881909505e+00
5.942000000000000000e+03 1.914241988877742884e+00
5.943000000000000000e+03 1.913509180004471011e+00
5.944000000000000000e+03 1.914242748477031908e+00
5.945000000000000000e+03 1.918775630457966619e+00
5.946000000000000000e+03 1.922397658732777126e+00
5.947000000000000000e+03 1.922825763766893514e+00
5.948000000000000000e+03 1.927388250251898194e+00
5.949000000000000000e+03 1.926179159666605800e+00
5.950000000000000000e+03 1.929973032163538216e+00
5.951000000000000000e+03 1.932412320001114958e+00
5.952000000000000000e+03 1.933865563880993399e+00
5.953000000000000000e+03 1.935937480650085973e+00
5.954000000000000000e+03 1.937405892904253690e+00
5.955000000000000000e+03 1.938144674623646146e+00
5.956000000000000000e+03 1.941323056889041609e+00
5.957000000000000000e+03 1.941069636079999938e+00
5.958000000000000000e+03 1.943912356947932407e+00
5.959000000000000000e+03 1.945461891123636322e+00
5.960000000000000000e+03 1.948625609206693587e+00
5.961000000000000000e+03 1.950429713668456744e+00
5.962000000000000000e+03 1.952707934782700328e+00
5.963000000000000000e+03 1.954346577326456780e+00
5.964000000000000000e+03 1.954723798422421055e+00
5.965000000000000000e+03 1.956787999125494837e+00
5.966000000000000000e+03 1.961079475672349304e+00
5.967000000000000000e+03 1.963665981223617685e+00
5.968000000000000000e+03 1.965234989129400978e+00
5.969000000000000000e+03 1.967559390309927325e+00
5.970000000000000000e+03 1.970837982092502161e+00
5.971000000000000000e+03 1.970179607038913483e+00
5.972000000000000000e+03 1.970379924140690742e+00
5.973000000000000000e+03 1.972953548178004501e+00
5.974000000000000000e+03 1.975777724226891463e+00
5.975000000000000000e+03 1.978067191038730632e+00
5.976000000000000000e+03 1.981934496458024109e+00
5.977000000000000000e+03 1.984773390822939909e+00
5.978000000000000000e+03 1.988857397422698625e+00
5.979000000000000000e+03 1.991360753342726220e+00
5.980000000000000000e+03 1.992522407557077768e+00
5.981000000000000000e+03 1.996725099962116667e+00
5.982000000000000000e+03 1.999552270928441899e+00
5.983000000000000000e+03 2.001186777140207429e+00
5.984000000000000000e+03 2.001822155166940842e+00
5.985000000000000000e+03 2.004959647782183385e+00
5.986000000000000000e+03 2.007436708839618333e+00
5.987000000000000000e+03 2.007751844067505065e+00
5.988000000000000000e+03 2.011014513923348179e+00
5.989000000000000000e+03 2.014993453083406827e+00
5.990000000000000000e+03 2.013357209698590111e+00
5.991000000000000000e+03 2.016374798212650976e+00
5.992000000000000000e+03 2.019786457220712261e+00
5.993000000000000000e+03 2.022790772615424171e+00
5.994000000000000000e+03 2.025088459109338324e+00
5.995000000000000000e+03 2.025215783844821704e+00
5.996000000000000000e+03 2.027416751580539689e+00
5.997000000000000000e+03 2.029119884334323221e+00
5.998000000000000000e+03 2.031215269784421018e+00
5.999000000000000000e+03 2.032986252780122349e+00
