# time(ps)	msd(nm^2)	#D_bar=1.6125003030678043e-09,D_std=1.588091768826201e-10
5.000000000000000000e+03 0.000000000000000000e+00
5.001000000000000000e+03 1.286775979757631867e-02
5.002000000000000000e+03 2.061615046742153179e-02
5.003000000000000000e+03 2.793774414628248659e-02
5.004000000000000000e+03 3.519046029098602674e-02
5.005000000000000000e+03 4.218646591035728893e-02
5.006000000000000000e+03 4.954980221274090518e-02
5.007000000000000000e+03 5.641460098959653197e-02
5.008000000000000000e+03 6.293337812602815828e-02
5.009000000000000000e+03 6.959892544615553511e-02
5.010000000000000000e+03 7.603366010048560886e-02
5.011000000000000000e+03 8.249212576900033511e-02
5.012000000000000000e+03 8.921997997871240760e-02
5.013000000000000000e+03 9.663015904321464733e-02
5.014000000000000000e+03 1.032949523431355154e-01
5.015000000000000000e+03 1.094731953408983327e-01
5.016000000000000000e+03 1.163411976998312974e-01
5.017000000000000000e+03 1.229101071553995034e-01
5.018000000000000000e+03 1.305023549217605161e-01
5.019000000000000000e+03 1.369426682410452567e-01
5.020000000000000000e+03 1.430036828049227882e-01
5.021000000000000000e+03 1.500605396788987911e-01
5.022000000000000000e+03 1.564865240737548235e-01
5.023000000000000000e+03 1.631909177960761126e-01
5.024000000000000000e+03 1.702823851004517108e-01
5.025000000000000000e+03 1.765729088371420508e-01
5.026000000000000000e+03 1.827827311023312029e-01
5.027000000000000000e+03 1.894542230071112332e-01
5.028000000000000000e+03 1.962469313737780219e-01
5.029000000000000000e+03 2.024958104739786879e-01
5.030000000000000000e+03 2.098374173440646639e-01
5.031000000000000000e+03 2.163020742674213182e-01
5.032000000000000000e+03 2.216614027362228123e-01
5.033000000000000000e+03 2.276967427133172739e-01
5.034000000000000000e+03 2.331441751322228806e-01
5.035000000000000000e+03 2.400057934127409753e-01
5.036000000000000000e+03 2.466923147775116343e-01
5.037000000000000000e+03 2.535089474243456542e-01
5.038000000000000000e+03 2.596502423661816716e-01
5.039000000000000000e+03 2.641878248708932619e-01
5.040000000000000000e+03 2.709625076722089743e-01
5.041000000000000000e+03 2.782543737288805108e-01
5.042000000000000000e+03 2.843429565536936821e-01
5.043000000000000000e+03 2.904427294467303855e-01
5.044000000000000000e+03 2.972828510158296855e-01
5.045000000000000000e+03 3.022858369902775011e-01
5.046000000000000000e+03 3.092400463003862066e-01
5.047000000000000000e+03 3.162335611601646002e-01
5.048000000000000000e+03 3.218207442433352883e-01
5.049000000000000000e+03 3.280050120158500837e-01
5.050000000000000000e+03 3.336788635773001999e-01
5.051000000000000000e+03 3.405418264077582635e-01
5.052000000000000000e+03 3.458435782644053713e-01
5.053000000000000000e+03 3.512211700200069675e-01
5.054000000000000000e+03 3.574672577566676002e-01
5.055000000000000000e+03 3.636079397600509577e-01
5.056000000000000000e+03 3.701822549118099492e-01
5.057000000000000000e+03 3.771463064690509515e-01
5.058000000000000000e+03 3.828675686321008631e-01
5.059000000000000000e+03 3.882747801155643774e-01
5.060000000000000000e+03 3.942525007678644999e-01
5.061000000000000000e+03 4.012847373038330723e-01
5.062000000000000000e+03 4.075374602735233331e-01
5.063000000000000000e+03 4.144486369606185661e-01
5.064000000000000000e+03 4.211781968740104243e-01
5.065000000000000000e+03 4.264204176063209339e-01
5.066000000000000000e+03 4.327385340303224193e-01
5.067000000000000000e+03 4.392089434588110630e-01
5.068000000000000000e+03 4.456886442405814663e-01
5.069000000000000000e+03 4.522535295246206122e-01
5.070000000000000000e+03 4.583745996961710589e-01
5.071000000000000000e+03 4.660073376645713084e-01
5.072000000000000000e+03 4.727489286535127011e-01
5.073000000000000000e+03 4.795219878918726697e-01
5.074000000000000000e+03 4.872499129496553061e-01
5.075000000000000000e+03 4.931388446140330672e-01
5.076000000000000000e+03 4.989909766442167105e-01
5.077000000000000000e+03 5.051008865632723444e-01
5.078000000000000000e+03 5.115587667361392032e-01
5.079000000000000000e+03 5.176893127860114907e-01
5.080000000000000000e+03 5.250316260368286247e-01
5.081000000000000000e+03 5.315365551078961026e-01
5.082000000000000000e+03 5.386652648851135705e-01
5.083000000000000000e+03 5.448758160268942774e-01
5.084000000000000000e+03 5.516528042918970032e-01
5.085000000000000000e+03 5.569103280006094669e-01
5.086000000000000000e+03 5.631175913147919987e-01
5.087000000000000000e+03 5.699507426529170084e-01
5.088000000000000000e+03 5.763561786749428206e-01
5.089000000000000000e+03 5.830533781193202314e-01
5.090000000000000000e+03 5.883237022137353112e-01
5.091000000000000000e+03 5.937623950848427423e-01
5.092000000000000000e+03 6.005905994787655855e-01
5.093000000000000000e+03 6.061387508236175670e-01
5.094000000000000000e+03 6.115696166369272158e-01
5.095000000000000000e+03 6.178026007361843153e-01
5.096000000000000000e+03 6.236086586708966539e-01
5.097000000000000000e+03 6.297411690195883205e-01
5.098000000000000000e+03 6.356772716872287621e-01
5.099000000000000000e+03 6.426849850008099496e-01
5.100000000000000000e+03 6.496906183991838502e-01
5.101000000000000000e+03 6.554186775295040013e-01
5.102000000000000000e+03 6.618507949822236558e-01
5.103000000000000000e+03 6.690171733398022624e-01
5.104000000000000000e+03 6.758753105803649852e-01
5.105000000000000000e+03 6.826781834024490125e-01
5.106000000000000000e+03 6.886929844715977689e-01
5.107000000000000000e+03 6.953862690464421847e-01
5.108000000000000000e+03 7.018041982878130414e-01
5.109000000000000000e+03 7.088064752716872752e-01
5.110000000000000000e+03 7.169164763985590438e-01
5.111000000000000000e+03 7.233330864548093153e-01
5.112000000000000000e+03 7.294953274823393619e-01
5.113000000000000000e+03 7.354298779088210836e-01
5.114000000000000000e+03 7.429784084299476676e-01
5.115000000000000000e+03 7.477636319047634705e-01
5.116000000000000000e+03 7.551090799898808603e-01
5.117000000000000000e+03 7.600235030611410814e-01
5.118000000000000000e+03 7.672765115548290105e-01
5.119000000000000000e+03 7.740342594512240604e-01
5.120000000000000000e+03 7.793561083424268565e-01
5.121000000000000000e+03 7.859500890586804678e-01
5.122000000000000000e+03 7.929883792600920245e-01
5.123000000000000000e+03 8.013615375481050185e-01
5.124000000000000000e+03 8.085464935714580248e-01
5.125000000000000000e+03 8.149807760965380732e-01
5.126000000000000000e+03 8.216249664999909497e-01
5.127000000000000000e+03 8.273657054660882304e-01
5.128000000000000000e+03 8.341388701320071597e-01
5.129000000000000000e+03 8.413002439516921172e-01
5.130000000000000000e+03 8.471895077182426403e-01
5.131000000000000000e+03 8.538350968869271584e-01
5.132000000000000000e+03 8.611318447329255887e-01
5.133000000000000000e+03 8.675999180239920561e-01
5.134000000000000000e+03 8.750249088963459876e-01
5.135000000000000000e+03 8.811130518319097993e-01
5.136000000000000000e+03 8.867761070965324288e-01
5.137000000000000000e+03 8.923733865040358593e-01
5.138000000000000000e+03 8.994328489831260320e-01
5.139000000000000000e+03 9.062208476175981353e-01
5.140000000000000000e+03 9.126825266146090243e-01
5.141000000000000000e+03 9.196583160772764387e-01
5.142000000000000000e+03 9.257240571044770272e-01
5.143000000000000000e+03 9.321118685987902497e-01
5.144000000000000000e+03 9.383575027180967032e-01
5.145000000000000000e+03 9.440725883598859447e-01
5.146000000000000000e+03 9.516429727376708447e-01
5.147000000000000000e+03 9.596479907531328957e-01
5.148000000000000000e+03 9.656067560558860841e-01
5.149000000000000000e+03 9.738842578712908482e-01
5.150000000000000000e+03 9.819114809898555896e-01
5.151000000000000000e+03 9.878253563534712400e-01
5.152000000000000000e+03 9.939123049438726154e-01
5.153000000000000000e+03 1.000529953342699896e+00
5.154000000000000000e+03 1.007667352635207125e+00
5.155000000000000000e+03 1.013977577597292346e+00
5.156000000000000000e+03 1.020939610425920518e+00
5.157000000000000000e+03 1.027694557574328371e+00
5.158000000000000000e+03 1.033109539755282080e+00
5.159000000000000000e+03 1.038702596376138043e+00
5.160000000000000000e+03 1.044613374443241982e+00
5.161000000000000000e+03 1.052565332259136399e+00
5.162000000000000000e+03 1.060944716779165686e+00
5.163000000000000000e+03 1.067866783982935663e+00
5.164000000000000000e+03 1.072524973148169636e+00
5.165000000000000000e+03 1.078552713921838935e+00
5.166000000000000000e+03 1.085753685174307703e+00
5.167000000000000000e+03 1.092344546393130056e+00
5.168000000000000000e+03 1.099439845554903039e+00
5.169000000000000000e+03 1.105378101390061873e+00
5.170000000000000000e+03 1.111018951551580480e+00
5.171000000000000000e+03 1.116334487444851531e+00
5.172000000000000000e+03 1.122186722757577249e+00
5.173000000000000000e+03 1.128252785537246172e+00
5.174000000000000000e+03 1.134542085756549801e+00
5.175000000000000000e+03 1.140199289952534167e+00
5.176000000000000000e+03 1.145352733601764372e+00
5.177000000000000000e+03 1.152131040301131115e+00
5.178000000000000000e+03 1.158327094724571626e+00
5.179000000000000000e+03 1.162091289508251801e+00
5.180000000000000000e+03 1.169841925732144627e+00
5.181000000000000000e+03 1.176669764508013083e+00
5.182000000000000000e+03 1.184528752377158822e+00
5.183000000000000000e+03 1.190978808709751702e+00
5.184000000000000000e+03 1.196789298141210933e+00
5.185000000000000000e+03 1.201404023696000190e+00
5.186000000000000000e+03 1.208439418554198452e+00
5.187000000000000000e+03 1.214026862310494836e+00
5.188000000000000000e+03 1.221341149634301848e+00
5.189000000000000000e+03 1.228555275414690229e+00
5.190000000000000000e+03 1.233907368394419946e+00
5.191000000000000000e+03 1.238495381630276393e+00
5.192000000000000000e+03 1.245259430405259549e+00
5.193000000000000000e+03 1.251094918502003939e+00
5.194000000000000000e+03 1.256846306295047011e+00
5.195000000000000000e+03 1.263622150944527345e+00
5.196000000000000000e+03 1.268788850795455447e+00
5.197000000000000000e+03 1.275589445931815780e+00
5.198000000000000000e+03 1.283013719188916157e+00
5.199000000000000000e+03 1.290578568887988720e+00
5.200000000000000000e+03 1.299061625056367353e+00
5.201000000000000000e+03 1.303084161975498700e+00
5.202000000000000000e+03 1.309339379170324280e+00
5.203000000000000000e+03 1.315285997995641276e+00
5.204000000000000000e+03 1.322754370431560966e+00
5.205000000000000000e+03 1.329219514380904688e+00
5.206000000000000000e+03 1.335792611645943984e+00
5.207000000000000000e+03 1.343147060756366473e+00
5.208000000000000000e+03 1.350148241958583517e+00
5.209000000000000000e+03 1.355796123055042601e+00
5.210000000000000000e+03 1.361348013807083035e+00
5.211000000000000000e+03 1.367248361624418651e+00
5.212000000000000000e+03 1.373789334265005158e+00
5.213000000000000000e+03 1.381419743603540917e+00
5.214000000000000000e+03 1.387001845625356111e+00
5.215000000000000000e+03 1.393648361012144621e+00
5.216000000000000000e+03 1.397556058254747713e+00
5.217000000000000000e+03 1.403549576363368745e+00
5.218000000000000000e+03 1.410273968503114039e+00
5.219000000000000000e+03 1.414261119729272709e+00
5.220000000000000000e+03 1.419227966895470372e+00
5.221000000000000000e+03 1.426812014277325069e+00
5.222000000000000000e+03 1.432625567221287755e+00
5.223000000000000000e+03 1.438832347156012936e+00
5.224000000000000000e+03 1.445734308262531576e+00
5.225000000000000000e+03 1.452483557281975202e+00
5.226000000000000000e+03 1.458512184161942171e+00
5.227000000000000000e+03 1.464726292330887913e+00
5.228000000000000000e+03 1.471625591686487988e+00
5.229000000000000000e+03 1.478868949322136528e+00
5.230000000000000000e+03 1.485909295307318523e+00
5.231000000000000000e+03 1.491040694836930358e+00
5.232000000000000000e+03 1.498149625578282240e+00
5.233000000000000000e+03 1.506500725267816421e+00
5.234000000000000000e+03 1.511842734954188527e+00
5.235000000000000000e+03 1.518798077583741746e+00
5.236000000000000000e+03 1.526233056832476009e+00
5.237000000000000000e+03 1.532459506782603675e+00
5.238000000000000000e+03 1.539272232845029231e+00
5.239000000000000000e+03 1.545391537292657658e+00
5.240000000000000000e+03 1.551522492611671966e+00
5.241000000000000000e+03 1.556882276333403148e+00
5.242000000000000000e+03 1.564444453341973684e+00
5.243000000000000000e+03 1.571131982515911796e+00
5.244000000000000000e+03 1.576860490490924915e+00
5.245000000000000000e+03 1.581415165452017435e+00
5.246000000000000000e+03 1.587596968815125464e+00
5.247000000000000000e+03 1.595935284850084734e+00
5.248000000000000000e+03 1.603277034390578892e+00
5.249000000000000000e+03 1.611819818542178373e+00
5.250000000000000000e+03 1.619716775991119739e+00
5.251000000000000000e+03 1.625950387936694552e+00
5.252000000000000000e+03 1.632234389536347807e+00
5.253000000000000000e+03 1.638327520278677341e+00
5.254000000000000000e+03 1.646241650300362958e+00
5.255000000000000000e+03 1.652508643635531849e+00
5.256000000000000000e+03 1.658466944005967170e+00
5.257000000000000000e+03 1.665053897862814658e+00
5.258000000000000000e+03 1.672639349157937660e+00
5.259000000000000000e+03 1.678972490725086253e+00
5.260000000000000000e+03 1.686082220056064784e+00
5.261000000000000000e+03 1.692314218305758677e+00
5.262000000000000000e+03 1.696696766421325497e+00
5.263000000000000000e+03 1.701685920042654621e+00
5.264000000000000000e+03 1.710363462493593945e+00
5.265000000000000000e+03 1.715892314052881451e+00
5.266000000000000000e+03 1.720380651591546517e+00
5.267000000000000000e+03 1.726208645858798851e+00
5.268000000000000000e+03 1.733338809903548272e+00
5.269000000000000000e+03 1.739313632048737235e+00
5.270000000000000000e+03 1.746251746120615733e+00
5.271000000000000000e+03 1.752497664669103061e+00
5.272000000000000000e+03 1.760151697502873924e+00
5.273000000000000000e+03 1.767840436273901306e+00
5.274000000000000000e+03 1.774027781716027929e+00
5.275000000000000000e+03 1.781002815167644471e+00
5.276000000000000000e+03 1.788422399847773070e+00
5.277000000000000000e+03 1.795830069819497332e+00
5.278000000000000000e+03 1.800783276397046384e+00
5.279000000000000000e+03 1.807283445676597156e+00
5.280000000000000000e+03 1.814550528910264582e+00
5.281000000000000000e+03 1.822464562191708382e+00
5.282000000000000000e+03 1.828358008633097720e+00
5.283000000000000000e+03 1.834207278889577131e+00
5.284000000000000000e+03 1.839402794248071737e+00
5.285000000000000000e+03 1.845326017378902117e+00
5.286000000000000000e+03 1.851435237460667294e+00
5.287000000000000000e+03 1.858680148731734816e+00
5.288000000000000000e+03 1.867085677999341220e+00
5.289000000000000000e+03 1.871810116641327459e+00
5.290000000000000000e+03 1.876552653001655857e+00
5.291000000000000000e+03 1.881970836726920782e+00
5.292000000000000000e+03 1.888884409880026150e+00
5.293000000000000000e+03 1.894442031043528374e+00
5.294000000000000000e+03 1.903218763988937967e+00
5.295000000000000000e+03 1.908450084176623207e+00
5.296000000000000000e+03 1.913153177759854273e+00
5.297000000000000000e+03 1.920530912525418854e+00
5.298000000000000000e+03 1.924917037455927904e+00
5.299000000000000000e+03 1.932958020318803039e+00
5.300000000000000000e+03 1.938189527551922753e+00
5.301000000000000000e+03 1.944280283761034012e+00
5.302000000000000000e+03 1.949511757102894594e+00
5.303000000000000000e+03 1.956094152799769725e+00
5.304000000000000000e+03 1.961638017758239760e+00
5.305000000000000000e+03 1.965962228933755718e+00
5.306000000000000000e+03 1.974679200862690331e+00
5.307000000000000000e+03 1.979126390979679462e+00
5.308000000000000000e+03 1.988731314349808210e+00
5.309000000000000000e+03 1.993786964982787291e+00
5.310000000000000000e+03 1.999093559374961693e+00
5.311000000000000000e+03 2.003786202009014694e+00
5.312000000000000000e+03 2.011742232782154804e+00
5.313000000000000000e+03 2.018172916613126144e+00
5.314000000000000000e+03 2.025564216033757692e+00
5.315000000000000000e+03 2.033378593781163257e+00
5.316000000000000000e+03 2.037443233083295890e+00
5.317000000000000000e+03 2.043999668075006326e+00
5.318000000000000000e+03 2.049780823333918978e+00
5.319000000000000000e+03 2.055891734546656746e+00
5.320000000000000000e+03 2.060314083228066195e+00
5.321000000000000000e+03 2.067870476414265024e+00
5.322000000000000000e+03 2.075548914601766715e+00
5.323000000000000000e+03 2.081335017984641489e+00
5.324000000000000000e+03 2.089275490524423073e+00
5.325000000000000000e+03 2.096757119162042660e+00
5.326000000000000000e+03 2.102968472915354603e+00
5.327000000000000000e+03 2.106499986395446999e+00
5.328000000000000000e+03 2.113614334590360855e+00
5.329000000000000000e+03 2.121060544716256491e+00
5.330000000000000000e+03 2.128247575077773845e+00
5.331000000000000000e+03 2.134432548560702525e+00
5.332000000000000000e+03 2.141936634662608530e+00
5.333000000000000000e+03 2.148563356695549320e+00
5.334000000000000000e+03 2.153785653228006414e+00
5.335000000000000000e+03 2.159799348862923463e+00
5.336000000000000000e+03 2.166941749154046359e+00
5.337000000000000000e+03 2.172815026005698424e+00
5.338000000000000000e+03 2.179220698515787813e+00
5.339000000000000000e+03 2.185862296666854832e+00
5.340000000000000000e+03 2.191686311070573101e+00
5.341000000000000000e+03 2.197258896083376101e+00
5.342000000000000000e+03 2.202406884526755260e+00
5.343000000000000000e+03 2.207383143810660808e+00
5.344000000000000000e+03 2.214007996247257193e+00
5.345000000000000000e+03 2.218765548366285145e+00
5.346000000000000000e+03 2.224982882425477815e+00
5.347000000000000000e+03 2.230751931211511607e+00
5.348000000000000000e+03 2.237488871912027388e+00
5.349000000000000000e+03 2.243573408002420333e+00
5.350000000000000000e+03 2.248365752288365105e+00
5.351000000000000000e+03 2.255596826701779190e+00
5.352000000000000000e+03 2.262390826985046122e+00
5.353000000000000000e+03 2.268411891180493356e+00
5.354000000000000000e+03 2.275352772323600004e+00
5.355000000000000000e+03 2.284110259752363703e+00
5.356000000000000000e+03 2.291664868284870593e+00
5.357000000000000000e+03 2.295715676949895645e+00
5.358000000000000000e+03 2.304020103011859444e+00
5.359000000000000000e+03 2.310661671132693495e+00
5.360000000000000000e+03 2.316975230630110349e+00
5.361000000000000000e+03 2.323646595603541254e+00
5.362000000000000000e+03 2.331796613942917151e+00
5.363000000000000000e+03 2.336784800805328910e+00
5.364000000000000000e+03 2.341640034399750103e+00
5.365000000000000000e+03 2.349161390029145924e+00
5.366000000000000000e+03 2.355317062587284571e+00
5.367000000000000000e+03 2.361683035132801312e+00
5.368000000000000000e+03 2.367358146355166060e+00
5.369000000000000000e+03 2.375987980422596291e+00
5.370000000000000000e+03 2.381737898664864961e+00
5.371000000000000000e+03 2.387007800405539282e+00
5.372000000000000000e+03 2.393260180601599618e+00
5.373000000000000000e+03 2.401455962009061640e+00
5.374000000000000000e+03 2.408670764756643212e+00
5.375000000000000000e+03 2.416612491273043783e+00
5.376000000000000000e+03 2.424237875052524416e+00
5.377000000000000000e+03 2.430040785926342206e+00
5.378000000000000000e+03 2.436977291664881751e+00
5.379000000000000000e+03 2.444010720830000150e+00
5.380000000000000000e+03 2.450890587409014998e+00
5.381000000000000000e+03 2.457303799222945173e+00
5.382000000000000000e+03 2.463430579696428868e+00
5.383000000000000000e+03 2.470542388191857341e+00
5.384000000000000000e+03 2.478499163285708740e+00
5.385000000000000000e+03 2.486845192799845172e+00
5.386000000000000000e+03 2.491449727595951291e+00
5.387000000000000000e+03 2.497609573498106084e+00
5.388000000000000000e+03 2.501220651644603610e+00
5.389000000000000000e+03 2.507080553031642900e+00
5.390000000000000000e+03 2.514730496391540004e+00
5.391000000000000000e+03 2.522519715240930882e+00
5.392000000000000000e+03 2.526252878715044670e+00
5.393000000000000000e+03 2.532610181533052174e+00
5.394000000000000000e+03 2.538301991708527883e+00
5.395000000000000000e+03 2.544592357572005970e+00
5.396000000000000000e+03 2.551497741266782082e+00
5.397000000000000000e+03 2.558535041328597881e+00
5.398000000000000000e+03 2.566284531041195915e+00
5.399000000000000000e+03 2.572120270962872990e+00
5.400000000000000000e+03 2.579352231697085607e+00
5.401000000000000000e+03 2.587114651568882095e+00
5.402000000000000000e+03 2.595316833705446857e+00
5.403000000000000000e+03 2.601336348770011409e+00
5.404000000000000000e+03 2.607779262626808148e+00
5.405000000000000000e+03 2.615286007691116410e+00
5.406000000000000000e+03 2.619905790551202429e+00
5.407000000000000000e+03 2.628438629548504490e+00
5.408000000000000000e+03 2.636101044892084300e+00
5.409000000000000000e+03 2.640746898711183288e+00
5.410000000000000000e+03 2.646794454717871670e+00
5.411000000000000000e+03 2.652742895091164677e+00
5.412000000000000000e+03 2.660689127858137049e+00
5.413000000000000000e+03 2.668009256490757153e+00
5.414000000000000000e+03 2.676764875181183445e+00
5.415000000000000000e+03 2.680772188489521479e+00
5.416000000000000000e+03 2.686607525148103637e+00
5.417000000000000000e+03 2.692442638295972301e+00
5.418000000000000000e+03 2.697486350196361737e+00
5.419000000000000000e+03 2.705850061939151896e+00
5.420000000000000000e+03 2.712730055503141724e+00
5.421000000000000000e+03 2.716923350318294350e+00
5.422000000000000000e+03 2.723764493773233042e+00
5.423000000000000000e+03 2.728871532994457283e+00
5.424000000000000000e+03 2.735698801624952825e+00
5.425000000000000000e+03 2.741892616436712782e+00
5.426000000000000000e+03 2.746928175987554344e+00
5.427000000000000000e+03 2.753404488179580500e+00
5.428000000000000000e+03 2.760366692502274066e+00
5.429000000000000000e+03 2.765151206191143629e+00
5.430000000000000000e+03 2.770078809637771311e+00
5.431000000000000000e+03 2.776418117483725911e+00
5.432000000000000000e+03 2.782427402535805783e+00
5.433000000000000000e+03 2.788982957212764902e+00
5.434000000000000000e+03 2.796035513060616040e+00
5.435000000000000000e+03 2.802633185135690042e+00
5.436000000000000000e+03 2.808356276944152796e+00
5.437000000000000000e+03 2.813827703838889693e+00
5.438000000000000000e+03 2.820150767046214924e+00
5.439000000000000000e+03 2.827860277513098541e+00
5.440000000000000000e+03 2.834510377651391355e+00
5.441000000000000000e+03 2.841778241671047756e+00
5.442000000000000000e+03 2.846283191933162371e+00
5.443000000000000000e+03 2.852874428529862616e+00
5.444000000000000000e+03 2.857596582300319543e+00
5.445000000000000000e+03 2.863752098701260351e+00
5.446000000000000000e+03 2.868825477466248941e+00
5.447000000000000000e+03 2.876674546993802650e+00
5.448000000000000000e+03 2.885480946803809843e+00
5.449000000000000000e+03 2.892421471445185688e+00
5.450000000000000000e+03 2.897287905886534176e+00
5.451000000000000000e+03 2.907642619329906974e+00
5.452000000000000000e+03 2.913385859277941137e+00
5.453000000000000000e+03 2.917681483390143882e+00
5.454000000000000000e+03 2.924214260995359638e+00
5.455000000000000000e+03 2.931198124836222885e+00
5.456000000000000000e+03 2.939647720463900438e+00
5.457000000000000000e+03 2.947393119630113301e+00
5.458000000000000000e+03 2.953809902896443518e+00
5.459000000000000000e+03 2.961622650860347150e+00
5.460000000000000000e+03 2.965072023080264074e+00
5.461000000000000000e+03 2.971469650920638639e+00
5.462000000000000000e+03 2.978240583696936117e+00
5.463000000000000000e+03 2.982059129980088930e+00
5.464000000000000000e+03 2.989355828597962006e+00
5.465000000000000000e+03 2.994828871977099904e+00
5.466000000000000000e+03 3.001649062482288244e+00
5.467000000000000000e+03 3.005991662883886306e+00
5.468000000000000000e+03 3.012654512999992651e+00
5.469000000000000000e+03 3.018970780795187547e+00
5.470000000000000000e+03 3.024474382936766403e+00
5.471000000000000000e+03 3.029750560566589979e+00
5.472000000000000000e+03 3.035993339668990654e+00
5.473000000000000000e+03 3.041060000671440111e+00
5.474000000000000000e+03 3.047978544471179774e+00
5.475000000000000000e+03 3.052862308071476960e+00
5.476000000000000000e+03 3.058571955774796347e+00
5.477000000000000000e+03 3.066589648048993144e+00
5.478000000000000000e+03 3.072534758069735528e+00
5.479000000000000000e+03 3.079446306970813563e+00
5.480000000000000000e+03 3.087387600622893302e+00
5.481000000000000000e+03 3.095247124960656127e+00
5.482000000000000000e+03 3.102690002588983642e+00
5.483000000000000000e+03 3.106710849235149396e+00
5.484000000000000000e+03 3.115993008976094103e+00
5.485000000000000000e+03 3.122118998367509501e+00
5.486000000000000000e+03 3.128338171992814054e+00
5.487000000000000000e+03 3.138896211117061075e+00
5.488000000000000000e+03 3.143162487972119834e+00
5.489000000000000000e+03 3.149155612041216745e+00
5.490000000000000000e+03 3.154810789196649257e+00
5.491000000000000000e+03 3.161314673001198727e+00
5.492000000000000000e+03 3.168482364752354119e+00
5.493000000000000000e+03 3.173729906412483981e+00
5.494000000000000000e+03 3.180713381147363350e+00
5.495000000000000000e+03 3.187998997323213235e+00
5.496000000000000000e+03 3.193418489079509204e+00
5.497000000000000000e+03 3.199608821242552192e+00
5.498000000000000000e+03 3.206758608970350366e+00
5.499000000000000000e+03 3.214173157795343183e+00
5.500000000000000000e+03 3.221327040359557969e+00
5.501000000000000000e+03 3.228260160404123891e+00
5.502000000000000000e+03 3.236385313712740963e+00
5.503000000000000000e+03 3.241873590998749055e+00
5.504000000000000000e+03 3.248781148024200149e+00
5.505000000000000000e+03 3.255559755669377608e+00
5.506000000000000000e+03 3.263948383923324315e+00
5.507000000000000000e+03 3.270439715091570054e+00
5.508000000000000000e+03 3.277692543832878780e+00
5.509000000000000000e+03 3.285136267884701144e+00
5.510000000000000000e+03 3.291924449596329794e+00
5.511000000000000000e+03 3.300157957553217614e+00
5.512000000000000000e+03 3.306012139468378574e+00
5.513000000000000000e+03 3.309746344133481344e+00
5.514000000000000000e+03 3.313236638119346100e+00
5.515000000000000000e+03 3.319782975660590996e+00
5.516000000000000000e+03 3.328578391270331505e+00
5.517000000000000000e+03 3.332348627492858650e+00
5.518000000000000000e+03 3.337723474592653616e+00
5.519000000000000000e+03 3.344674855162311555e+00
5.520000000000000000e+03 3.348921300911230414e+00
5.521000000000000000e+03 3.357659013433279327e+00
5.522000000000000000e+03 3.363849804629839735e+00
5.523000000000000000e+03 3.371921128750491548e+00
5.524000000000000000e+03 3.377906495153073063e+00
5.525000000000000000e+03 3.384118834326947489e+00
5.526000000000000000e+03 3.391407939586560616e+00
5.527000000000000000e+03 3.400716613875923500e+00
5.528000000000000000e+03 3.408324163130578288e+00
5.529000000000000000e+03 3.413810838518299473e+00
5.530000000000000000e+03 3.420496135802619353e+00
5.531000000000000000e+03 3.425602330316362742e+00
5.532000000000000000e+03 3.432784436578101950e+00
5.533000000000000000e+03 3.439832691238959850e+00
5.534000000000000000e+03 3.448136421886587755e+00
5.535000000000000000e+03 3.452330000701917090e+00
5.536000000000000000e+03 3.458711198145237642e+00
5.537000000000000000e+03 3.464918878343369979e+00
5.538000000000000000e+03 3.473241139788163068e+00
5.539000000000000000e+03 3.483301587003980515e+00
5.540000000000000000e+03 3.490103133455139783e+00
5.541000000000000000e+03 3.494171170034336527e+00
5.542000000000000000e+03 3.501017175812577431e+00
5.543000000000000000e+03 3.508188692557077548e+00
5.544000000000000000e+03 3.513868695703969536e+00
5.545000000000000000e+03 3.522492038093597788e+00
5.546000000000000000e+03 3.528227353063831728e+00
5.547000000000000000e+03 3.532764193285601539e+00
5.548000000000000000e+03 3.539454048729888669e+00
5.549000000000000000e+03 3.544915461400796275e+00
5.550000000000000000e+03 3.551818899565645449e+00
5.551000000000000000e+03 3.557020400592567189e+00
5.552000000000000000e+03 3.564044720301797753e+00
5.553000000000000000e+03 3.568627194890662935e+00
5.554000000000000000e+03 3.576483299643191671e+00
5.555000000000000000e+03 3.582081160242902573e+00
5.556000000000000000e+03 3.585345683524695293e+00
5.557000000000000000e+03 3.592537220565789280e+00
5.558000000000000000e+03 3.598661925521350113e+00
5.559000000000000000e+03 3.607425733884603414e+00
5.560000000000000000e+03 3.611806135053203359e+00
5.561000000000000000e+03 3.618231822711841073e+00
5.562000000000000000e+03 3.623826340088907472e+00
5.563000000000000000e+03 3.631294197720877026e+00
5.564000000000000000e+03 3.635749301232573671e+00
5.565000000000000000e+03 3.642738407922661903e+00
5.566000000000000000e+03 3.651557609619879852e+00
5.567000000000000000e+03 3.657575885293937290e+00
5.568000000000000000e+03 3.663463887683561904e+00
5.569000000000000000e+03 3.670421017326322755e+00
5.570000000000000000e+03 3.675886421014850303e+00
5.571000000000000000e+03 3.680378209455989591e+00
5.572000000000000000e+03 3.689182385312937740e+00
5.573000000000000000e+03 3.696713479746046804e+00
5.574000000000000000e+03 3.703441132096306987e+00
5.575000000000000000e+03 3.711215045395273027e+00
5.576000000000000000e+03 3.717323109742172615e+00
5.577000000000000000e+03 3.725352890900110125e+00
5.578000000000000000e+03 3.729365552592483812e+00
5.579000000000000000e+03 3.734911837987517913e+00
5.580000000000000000e+03 3.741831992265618023e+00
5.581000000000000000e+03 3.750802056402221751e+00
5.582000000000000000e+03 3.758779667327922791e+00
5.583000000000000000e+03 3.767057260950030795e+00
5.584000000000000000e+03 3.772799093338266463e+00
5.585000000000000000e+03 3.778713337001209371e+00
5.586000000000000000e+03 3.785276717985207373e+00
5.587000000000000000e+03 3.789806401574066896e+00
5.588000000000000000e+03 3.796019126850907366e+00
5.589000000000000000e+03 3.802354031836080228e+00
5.590000000000000000e+03 3.808170812386303172e+00
5.591000000000000000e+03 3.813137084902591400e+00
5.592000000000000000e+03 3.820240587465300042e+00
5.593000000000000000e+03 3.825311069171060563e+00
5.594000000000000000e+03 3.830646921587698817e+00
5.595000000000000000e+03 3.838323283399274199e+00
5.596000000000000000e+03 3.842795184105838313e+00
5.597000000000000000e+03 3.849188705955708389e+00
5.598000000000000000e+03 3.854279526278503898e+00
5.599000000000000000e+03 3.859988971921275436e+00
5.600000000000000000e+03 3.865979774224557186e+00
5.601000000000000000e+03 3.870331965423736253e+00
5.602000000000000000e+03 3.877330472862940081e+00
5.603000000000000000e+03 3.883381994147048655e+00
5.604000000000000000e+03 3.889658759319187809e+00
5.605000000000000000e+03 3.897158183442329005e+00
5.606000000000000000e+03 3.905670876874077546e+00
5.607000000000000000e+03 3.914081144054033956e+00
5.608000000000000000e+03 3.919755737469422741e+00
5.609000000000000000e+03 3.925211866106796066e+00
5.610000000000000000e+03 3.934630321480377280e+00
5.611000000000000000e+03 3.940927034447550881e+00
5.612000000000000000e+03 3.946186907807290201e+00
5.613000000000000000e+03 3.954177381967673544e+00
5.614000000000000000e+03 3.961034689408618803e+00
5.615000000000000000e+03 3.967088649147432644e+00
5.616000000000000000e+03 3.973256911236157762e+00
5.617000000000000000e+03 3.979744551260087970e+00
5.618000000000000000e+03 3.986137897218606785e+00
5.619000000000000000e+03 3.993505598884201646e+00
5.620000000000000000e+03 4.001359104734788730e+00
5.621000000000000000e+03 4.007517831367358063e+00
5.622000000000000000e+03 4.012192320727144157e+00
5.623000000000000000e+03 4.018350386694643284e+00
5.624000000000000000e+03 4.026553525937553779e+00
5.625000000000000000e+03 4.033474025134293761e+00
5.626000000000000000e+03 4.042096287722636738e+00
5.627000000000000000e+03 4.048514910555080171e+00
5.628000000000000000e+03 4.053302539236844915e+00
5.629000000000000000e+03 4.059333692302693919e+00
5.630000000000000000e+03 4.065581007256898083e+00
5.631000000000000000e+03 4.074409741407248653e+00
5.632000000000000000e+03 4.079462479536883457e+00
5.633000000000000000e+03 4.087021566434749786e+00
5.634000000000000000e+03 4.094192544351115792e+00
5.635000000000000000e+03 4.102160388158883286e+00
5.636000000000000000e+03 4.110475458650507896e+00
5.637000000000000000e+03 4.116479072279077833e+00
5.638000000000000000e+03 4.121842232900217340e+00
5.639000000000000000e+03 4.124975750159960874e+00
5.640000000000000000e+03 4.127441593295436029e+00
5.641000000000000000e+03 4.135536284796356377e+00
5.642000000000000000e+03 4.143204173792925715e+00
5.643000000000000000e+03 4.148100633745626986e+00
5.644000000000000000e+03 4.153613422134679212e+00
5.645000000000000000e+03 4.160202204832556205e+00
5.646000000000000000e+03 4.165172086124533379e+00
5.647000000000000000e+03 4.172122155660131781e+00
5.648000000000000000e+03 4.180399127227468092e+00
5.649000000000000000e+03 4.187920547636362123e+00
5.650000000000000000e+03 4.192937971931073982e+00
5.651000000000000000e+03 4.200116638444426620e+00
5.652000000000000000e+03 4.205515285359807898e+00
5.653000000000000000e+03 4.216210864226233923e+00
5.654000000000000000e+03 4.224240021184392013e+00
5.655000000000000000e+03 4.228208710039407237e+00
5.656000000000000000e+03 4.234934294164796498e+00
5.657000000000000000e+03 4.239506001200054719e+00
5.658000000000000000e+03 4.246684513272220407e+00
5.659000000000000000e+03 4.253466610001166437e+00
5.660000000000000000e+03 4.262036593390434724e+00
5.661000000000000000e+03 4.266724344957963488e+00
5.662000000000000000e+03 4.272524469455403207e+00
5.663000000000000000e+03 4.281622545600098029e+00
5.664000000000000000e+03 4.288211626026257939e+00
5.665000000000000000e+03 4.298734393786911134e+00
5.666000000000000000e+03 4.304739918196140103e+00
5.667000000000000000e+03 4.310022623540042730e+00
5.668000000000000000e+03 4.316733736526413345e+00
5.669000000000000000e+03 4.324032300021593223e+00
5.670000000000000000e+03 4.330276748375800011e+00
5.671000000000000000e+03 4.339147811422891188e+00
5.672000000000000000e+03 4.343934171112929121e+00
5.673000000000000000e+03 4.349810749144904065e+00
5.674000000000000000e+03 4.356716476042314490e+00
5.675000000000000000e+03 4.362438666943861953e+00
5.676000000000000000e+03 4.370048989704799602e+00
5.677000000000000000e+03 4.374686045953403379e+00
5.678000000000000000e+03 4.382025149401596487e+00
5.679000000000000000e+03 4.388160267125042147e+00
5.680000000000000000e+03 4.394384540312471721e+00
5.681000000000000000e+03 4.401932636146013600e+00
5.682000000000000000e+03 4.404909550044324718e+00
5.683000000000000000e+03 4.411466045096498867e+00
5.684000000000000000e+03 4.417742741628107872e+00
5.685000000000000000e+03 4.425777788801448231e+00
5.686000000000000000e+03 4.430433897944221933e+00
5.687000000000000000e+03 4.437593547599679944e+00
5.688000000000000000e+03 4.443209301068660189e+00
5.689000000000000000e+03 4.448789592267588411e+00
5.690000000000000000e+03 4.455933548982646819e+00
5.691000000000000000e+03 4.462662076070615491e+00
5.692000000000000000e+03 4.469756047038200286e+00
5.693000000000000000e+03 4.474831457991778727e+00
5.694000000000000000e+03 4.482019804535390506e+00
5.695000000000000000e+03 4.488667299765701557e+00
5.696000000000000000e+03 4.494402079339824496e+00
5.697000000000000000e+03 4.497987116557545129e+00
5.698000000000000000e+03 4.507001837362750507e+00
5.699000000000000000e+03 4.515119794570161105e+00
5.700000000000000000e+03 4.520353608124973555e+00
5.701000000000000000e+03 4.525537571497348033e+00
5.702000000000000000e+03 4.534999481901302865e+00
5.703000000000000000e+03 4.539811090151038897e+00
5.704000000000000000e+03 4.543947340827558357e+00
5.705000000000000000e+03 4.550369099674060003e+00
5.706000000000000000e+03 4.557570400401056432e+00
5.707000000000000000e+03 4.566383349804314484e+00
5.708000000000000000e+03 4.575173296051091576e+00
5.709000000000000000e+03 4.583907032570643914e+00
5.710000000000000000e+03 4.591261869285541586e+00
5.711000000000000000e+03 4.596218602484642091e+00
5.712000000000000000e+03 4.602776388836721466e+00
5.713000000000000000e+03 4.608386820948880747e+00
5.714000000000000000e+03 4.614177525392050505e+00
5.715000000000000000e+03 4.620434656799567996e+00
5.716000000000000000e+03 4.625581871750010343e+00
5.717000000000000000e+03 4.630874899771105113e+00
5.718000000000000000e+03 4.637331958724417724e+00
5.719000000000000000e+03 4.644357600621793480e+00
5.720000000000000000e+03 4.648397260349290683e+00
5.721000000000000000e+03 4.652279620014004635e+00
5.722000000000000000e+03 4.659566702523105342e+00
5.723000000000000000e+03 4.664746680454899597e+00
5.724000000000000000e+03 4.669545918823733821e+00
5.725000000000000000e+03 4.675611331234419410e+00
5.726000000000000000e+03 4.680669757947689469e+00
5.727000000000000000e+03 4.684256398779711894e+00
5.728000000000000000e+03 4.693473361174480551e+00
5.729000000000000000e+03 4.698237888029015430e+00
5.730000000000000000e+03 4.706042673691831268e+00
5.731000000000000000e+03 4.714319489959980736e+00
5.732000000000000000e+03 4.723640038631436333e+00
5.733000000000000000e+03 4.731376447175676070e+00
5.734000000000000000e+03 4.735882131462425093e+00
5.735000000000000000e+03 4.744727827544903853e+00
5.736000000000000000e+03 4.749746547429561261e+00
5.737000000000000000e+03 4.756387454027319883e+00
5.738000000000000000e+03 4.763508362969567145e+00
5.739000000000000000e+03 4.770698619435835397e+00
5.740000000000000000e+03 4.777192263789825866e+00
5.741000000000000000e+03 4.781389990637981313e+00
5.742000000000000000e+03 4.789285575705393150e+00
5.743000000000000000e+03 4.794455450609678593e+00
5.744000000000000000e+03 4.802002613790066654e+00
5.745000000000000000e+03 4.806452460724440989e+00
5.746000000000000000e+03 4.815256299813795771e+00
5.747000000000000000e+03 4.821792540762591450e+00
5.748000000000000000e+03 4.828354529630907166e+00
5.749000000000000000e+03 4.835063022265177146e+00
5.750000000000000000e+03 4.841696966139516611e+00
5.751000000000000000e+03 4.849931921982519434e+00
5.752000000000000000e+03 4.856724982319571282e+00
5.753000000000000000e+03 4.863269795612121804e+00
5.754000000000000000e+03 4.868690065151393576e+00
5.755000000000000000e+03 4.874164627631182078e+00
5.756000000000000000e+03 4.881722931169039548e+00
5.757000000000000000e+03 4.889433849195719439e+00
5.758000000000000000e+03 4.895438887115218130e+00
5.759000000000000000e+03 4.903708376007149816e+00
5.760000000000000000e+03 4.909661163899794012e+00
5.761000000000000000e+03 4.916458196807326431e+00
5.762000000000000000e+03 4.925598143673239449e+00
5.763000000000000000e+03 4.930624612215348535e+00
5.764000000000000000e+03 4.934003654922711313e+00
5.765000000000000000e+03 4.937710722126619878e+00
5.766000000000000000e+03 4.941355347043479007e+00
5.767000000000000000e+03 4.947392751545293343e+00
5.768000000000000000e+03 4.954674204673201743e+00
5.769000000000000000e+03 4.959225666185140824e+00
5.770000000000000000e+03 4.967787174185388288e+00
5.771000000000000000e+03 4.971605668130139932e+00
5.772000000000000000e+03 4.977722576379886910e+00
5.773000000000000000e+03 4.985619907490691283e+00
5.774000000000000000e+03 4.993715537650813552e+00
5.775000000000000000e+03 5.000068720321210414e+00
5.776000000000000000e+03 5.004366085757768978e+00
5.777000000000000000e+03 5.012693672849420246e+00
5.778000000000000000e+03 5.021569805857411417e+00
5.779000000000000000e+03 5.026978133661062387e+00
5.780000000000000000e+03 5.035768202602785237e+00
5.781000000000000000e+03 5.041433602048639884e+00
5.782000000000000000e+03 5.047804214264751899e+00
5.783000000000000000e+03 5.052538837873881583e+00
5.784000000000000000e+03 5.058635015826582482e+00
5.785000000000000000e+03 5.067901970832882519e+00
5.786000000000000000e+03 5.072255384691438884e+00
5.787000000000000000e+03 5.078113334542506685e+00
5.788000000000000000e+03 5.084098022261878569e+00
5.789000000000000000e+03 5.094666914740392905e+00
5.790000000000000000e+03 5.103958816288078459e+00
5.791000000000000000e+03 5.110649641708809199e+00
5.792000000000000000e+03 5.117022284826501455e+00
5.793000000000000000e+03 5.123186294205598124e+00
5.794000000000000000e+03 5.130583372300560718e+00
5.795000000000000000e+03 5.135220856694446390e+00
5.796000000000000000e+03 5.142848992530045571e+00
5.797000000000000000e+03 5.149446019813169961e+00
5.798000000000000000e+03 5.155145795292750854e+00
5.799000000000000000e+03 5.163533278965915407e+00
5.800000000000000000e+03 5.169264206090487868e+00
5.801000000000000000e+03 5.175429793343690577e+00
5.802000000000000000e+03 5.182287130385865304e+00
5.803000000000000000e+03 5.186364780070810809e+00
5.804000000000000000e+03 5.192734648395214592e+00
5.805000000000000000e+03 5.200242653013186889e+00
5.806000000000000000e+03 5.206640726587980161e+00
5.807000000000000000e+03 5.210952101556021177e+00
5.808000000000000000e+03 5.215590250047003273e+00
5.809000000000000000e+03 5.222793985796680971e+00
5.810000000000000000e+03 5.228666314980065621e+00
5.811000000000000000e+03 5.234136323160915261e+00
5.812000000000000000e+03 5.240465270577383983e+00
5.813000000000000000e+03 5.247352535747163316e+00
5.814000000000000000e+03 5.254057285756716489e+00
5.815000000000000000e+03 5.258568058880501717e+00
5.816000000000000000e+03 5.264824752704654109e+00
5.817000000000000000e+03 5.272844754732573413e+00
5.818000000000000000e+03 5.280663225600380706e+00
5.819000000000000000e+03 5.286638114026578350e+00
5.820000000000000000e+03 5.294491726269982657e+00
5.821000000000000000e+03 5.299983449739429808e+00
5.822000000000000000e+03 5.303853382036806785e+00
5.823000000000000000e+03 5.310076513217474314e+00
5.824000000000000000e+03 5.317632772125640450e+00
5.825000000000000000e+03 5.325859820579978532e+00
5.826000000000000000e+03 5.332238280982301681e+00
5.827000000000000000e+03 5.334693126189403500e+00
5.828000000000000000e+03 5.345527658363857348e+00
5.829000000000000000e+03 5.348853734608870703e+00
5.830000000000000000e+03 5.355711083663137195e+00
5.831000000000000000e+03 5.362343387886902235e+00
5.832000000000000000e+03 5.369276803514734020e+00
5.833000000000000000e+03 5.380349083307140567e+00
5.834000000000000000e+03 5.387638519328292297e+00
5.835000000000000000e+03 5.396698818301167933e+00
5.836000000000000000e+03 5.403687903112083468e+00
5.837000000000000000e+03 5.408074164036634990e+00
5.838000000000000000e+03 5.414072858713470104e+00
5.839000000000000000e+03 5.419493980253271559e+00
5.840000000000000000e+03 5.424467098804083953e+00
5.841000000000000000e+03 5.430717707645555059e+00
5.842000000000000000e+03 5.436758765539390303e+00
5.843000000000000000e+03 5.442084285411759481e+00
5.844000000000000000e+03 5.446844657798417977e+00
5.845000000000000000e+03 5.453553801659683842e+00
5.846000000000000000e+03 5.459804904712949103e+00
5.847000000000000000e+03 5.464757208024065172e+00
5.848000000000000000e+03 5.470125626509541483e+00
5.849000000000000000e+03 5.474554808355375890e+00
5.850000000000000000e+03 5.480361322427835802e+00
5.851000000000000000e+03 5.486029664836269859e+00
5.852000000000000000e+03 5.491425074492816805e+00
5.853000000000000000e+03 5.496891156435547821e+00
5.854000000000000000e+03 5.503834767755601654e+00
5.855000000000000000e+03 5.509169207464398532e+00
5.856000000000000000e+03 5.518744191123833964e+00
5.857000000000000000e+03 5.526953984207795934e+00
5.858000000000000000e+03 5.534435690924006224e+00
5.859000000000000000e+03 5.541585409153278796e+00
5.860000000000000000e+03 5.546901424028718885e+00
5.861000000000000000e+03 5.555964430012362953e+00
5.862000000000000000e+03 5.562271845753641308e+00
5.863000000000000000e+03 5.569424589314124319e+00
5.864000000000000000e+03 5.574820973666144930e+00
5.865000000000000000e+03 5.582161171930736465e+00
5.866000000000000000e+03 5.586946144224125277e+00
5.867000000000000000e+03 5.594515958778288223e+00
5.868000000000000000e+03 5.599954522733903595e+00
5.869000000000000000e+03 5.607469881326294647e+00
5.870000000000000000e+03 5.612616428747618791e+00
5.871000000000000000e+03 5.621164117693846940e+00
5.872000000000000000e+03 5.628994455650697226e+00
5.873000000000000000e+03 5.635927450855304777e+00
5.874000000000000000e+03 5.641393885438744427e+00
5.875000000000000000e+03 5.649215641613754890e+00
5.876000000000000000e+03 5.655439344226800280e+00
5.877000000000000000e+03 5.663713588191215287e+00
5.878000000000000000e+03 5.671380093223167940e+00
5.879000000000000000e+03 5.675693058077407649e+00
5.880000000000000000e+03 5.680699127513015867e+00
5.881000000000000000e+03 5.686879154158991589e+00
5.882000000000000000e+03 5.695418562483692604e+00
5.883000000000000000e+03 5.702360252727001644e+00
5.884000000000000000e+03 5.708471176380842671e+00
5.885000000000000000e+03 5.715242646698261098e+00
5.886000000000000000e+03 5.722860183578540649e+00
5.887000000000000000e+03 5.730034856929255405e+00
5.888000000000000000e+03 5.737895937261953350e+00
5.889000000000000000e+03 5.742392693132202908e+00
5.890000000000000000e+03 5.745484244431991350e+00
5.891000000000000000e+03 5.749309964508178439e+00
5.892000000000000000e+03 5.753881137863345430e+00
5.893000000000000000e+03 5.761561805151949933e+00
5.894000000000000000e+03 5.765883973842797161e+00
5.895000000000000000e+03 5.772491806002816084e+00
5.896000000000000000e+03 5.779813001995627531e+00
5.897000000000000000e+03 5.785734162049632978e+00
5.898000000000000000e+03 5.790853547556575442e+00
5.899000000000000000e+03 5.799856638940558362e+00
5.900000000000000000e+03 5.807480054881938969e+00
5.901000000000000000e+03 5.812700552174596247e+00
5.902000000000000000e+03 5.818850726197550394e+00
5.903000000000000000e+03 5.826007241554961524e+00
5.904000000000000000e+03 5.836013920072278260e+00
5.905000000000000000e+03 5.845804691529199459e+00
5.906000000000000000e+03 5.850505579177507798e+00
5.907000000000000000e+03 5.855659724247118447e+00
5.908000000000000000e+03 5.861171253940516301e+00
5.909000000000000000e+03 5.867823989875032176e+00
5.910000000000000000e+03 5.875173591891762470e+00
5.911000000000000000e+03 5.883965591348292890e+00
5.912000000000000000e+03 5.887190361040111952e+00
5.913000000000000000e+03 5.893952407871233312e+00
5.914000000000000000e+03 5.900662375418817440e+00
5.915000000000000000e+03 5.911200537533573218e+00
5.916000000000000000e+03 5.919872334557935822e+00
5.917000000000000000e+03 5.928509755548571292e+00
5.918000000000000000e+03 5.932919126022421885e+00
5.919000000000000000e+03 5.939515478054361530e+00
5.920000000000000000e+03 5.946956970002056586e+00
5.921000000000000000e+03 5.951068682548328326e+00
5.922000000000000000e+03 5.960596009948151419e+00
5.923000000000000000e+03 5.964995748440101941e+00
5.924000000000000000e+03 5.969924625597504253e+00
5.925000000000000000e+03 5.978112144830576291e+00
5.926000000000000000e+03 5.983561122412086597e+00
5.927000000000000000e+03 5.991101420681805401e+00
5.928000000000000000e+03 5.995412974973219455e+00
5.929000000000000000e+03 6.002837726354493419e+00
5.930000000000000000e+03 6.006403451560050399e+00
5.931000000000000000e+03 6.014436530466291231e+00
5.932000000000000000e+03 6.022701005167752975e+00
5.933000000000000000e+03 6.025778239769709721e+00
5.934000000000000000e+03 6.033530808009921031e+00
5.935000000000000000e+03 6.038986852991654608e+00
5.936000000000000000e+03 6.047996904525035688e+00
5.937000000000000000e+03 6.051017268734690369e+00
5.938000000000000000e+03 6.057017707738904910e+00
5.939000000000000000e+03 6.063969856224453281e+00
5.940000000000000000e+03 6.070189254218479213e+00
5.941000000000000000e+03 6.074557844497468828e+00
5.942000000000000000e+03 6.081149956260887279e+00
5.943000000000000000e+03 6.090917588996283882e+00
5.944000000000000000e+03 6.095344107589689031e+00
5.945000000000000000e+03 6.104307528181325715e+00
5.946000000000000000e+03 6.110619167031011933e+00
5.947000000000000000e+03 6.115965092015922977e+00
5.948000000000000000e+03 6.119703950937732451e+00
5.949000000000000000e+03 6.127480600848695502e+00
5.950000000000000000e+03 6.134689526680190852e+00
5.951000000000000000e+03 6.141068051433003383e+00
5.952000000000000000e+03 6.146354592924335947e+00
5.953000000000000000e+03 6.153012174880025498e+00
5.954000000000000000e+03 6.161074967412222492e+00
5.955000000000000000e+03 6.165282919124821071e+00
5.956000000000000000e+03 6.170782425571975871e+00
5.957000000000000000e+03 6.178481280026108635e+00
5.958000000000000000e+03 6.188136860533872685e+00
5.959000000000000000e+03 6.196106058276026118e+00
5.960000000000000000e+03 6.205809053085540761e+00
5.961000000000000000e+03 6.211424922385414327e+00
5.962000000000000000e+03 6.218185216309088936e+00
5.963000000000000000e+03 6.225810609955643393e+00
5.964000000000000000e+03 6.227836330892578154e+00
5.965000000000000000e+03 6.233179817422790592e+00
5.966000000000000000e+03 6.239782127452438765e+00
5.967000000000000000e+03 6.243881309670585189e+00
5.968000000000000000e+03 6.249080682841174017e+00
5.969000000000000000e+03 6.256928956567628042e+00
5.970000000000000000e+03 6.261576784230864945e+00
5.971000000000000000e+03 6.268063236773685709e+00
5.972000000000000000e+03 6.273965397129927624e+00
5.973000000000000000e+03 6.279028338673838583e+00
5.974000000000000000e+03 6.285155991740018600e+00
5.975000000000000000e+03 6.289242770615003586e+00
5.976000000000000000e+03 6.294752740452435269e+00
5.977000000000000000e+03 6.299776737935573578e+00
5.978000000000000000e+03 6.304003214868291849e+00
5.979000000000000000e+03 6.311853963943736545e+00
5.980000000000000000e+03 6.315298464831286651e+00
5.981000000000000000e+03 6.324907666651234273e+00
5.982000000000000000e+03 6.331450806830949851e+00
5.983000000000000000e+03 6.341747615984091091e+00
5.984000000000000000e+03 6.348082079524883348e+00
5.985000000000000000e+03 6.353167994195044521e+00
5.986000000000000000e+03 6.362164017320808718e+00
5.987000000000000000e+03 6.367708842817641823e+00
5.988000000000000000e+03 6.374497120626007707e+00
5.989000000000000000e+03 6.380323559327329086e+00
5.990000000000000000e+03 6.386921814417868326e+00
5.991000000000000000e+03 6.393765772563400951e+00
5.992000000000000000e+03 6.399283022586685910e+00
5.993000000000000000e+03 6.406786913921096449e+00
5.994000000000000000e+03 6.410731614628087272e+00
5.995000000000000000e+03 6.419344758322474753e+00
5.996000000000000000e+03 6.424119667914660603e+00
5.997000000000000000e+03 6.434568412015416072e+00
5.998000000000000000e+03 6.439391392284396609e+00
5.999000000000000000e+03 6.447464798358020666e+00
