# time(ps)	msd(nm^2)	#D_bar=1.5720449324090017e-09,D_std=1.4273723106656426e-10
5.000000000000000000e+03 0.000000000000000000e+00
5.001000000000000000e+03 1.236594956072549489e-02
5.002000000000000000e+03 1.993318306075201815e-02
5.003000000000000000e+03 2.736202230292653081e-02
5.004000000000000000e+03 3.428217119640775135e-02
5.005000000000000000e+03 4.129494453233387846e-02
5.006000000000000000e+03 4.819306528757486691e-02
5.007000000000000000e+03 5.473721906306246859e-02
5.008000000000000000e+03 6.158480869399177160e-02
5.009000000000000000e+03 6.777450301344430106e-02
5.010000000000000000e+03 7.362096631337725072e-02
5.011000000000000000e+03 7.993102056639540820e-02
5.012000000000000000e+03 8.648253770101636817e-02
5.013000000000000000e+03 9.279509897269898333e-02
5.014000000000000000e+03 9.969636907653200986e-02
5.015000000000000000e+03 1.061368632884253232e-01
5.016000000000000000e+03 1.125840066349695495e-01
5.017000000000000000e+03 1.192591111054496361e-01
5.018000000000000000e+03 1.259396088690984961e-01
5.019000000000000000e+03 1.319503280094691255e-01
5.020000000000000000e+03 1.386488038017635871e-01
5.021000000000000000e+03 1.450118290053472592e-01
5.022000000000000000e+03 1.510653801191421952e-01
5.023000000000000000e+03 1.574458998347084970e-01
5.024000000000000000e+03 1.638304060035281895e-01
5.025000000000000000e+03 1.692175704524629121e-01
5.026000000000000000e+03 1.751757048235999259e-01
5.027000000000000000e+03 1.816952703301868144e-01
5.028000000000000000e+03 1.867737911239502335e-01
5.029000000000000000e+03 1.934617573495895082e-01
5.030000000000000000e+03 2.003239244506472561e-01
5.031000000000000000e+03 2.059069002999200926e-01
5.032000000000000000e+03 2.126210722090706440e-01
5.033000000000000000e+03 2.187031361791821615e-01
5.034000000000000000e+03 2.252694309325444511e-01
5.035000000000000000e+03 2.305469265059819362e-01
5.036000000000000000e+03 2.371409447230990175e-01
5.037000000000000000e+03 2.442899769449989877e-01
5.038000000000000000e+03 2.506704730079287735e-01
5.039000000000000000e+03 2.564388640721639301e-01
5.040000000000000000e+03 2.629580333119345692e-01
5.041000000000000000e+03 2.695253070195517409e-01
5.042000000000000000e+03 2.755250568238515885e-01
5.043000000000000000e+03 2.819494311014811294e-01
5.044000000000000000e+03 2.886506161992509756e-01
5.045000000000000000e+03 2.947447002123274040e-01
5.046000000000000000e+03 3.007609628874159391e-01
5.047000000000000000e+03 3.071540224741375336e-01
5.048000000000000000e+03 3.139009381097460083e-01
5.049000000000000000e+03 3.196736681650556577e-01
5.050000000000000000e+03 3.262783934199620650e-01
5.051000000000000000e+03 3.335312571222819877e-01
5.052000000000000000e+03 3.401637436473179954e-01
5.053000000000000000e+03 3.473775456822107977e-01
5.054000000000000000e+03 3.538057115342884695e-01
5.055000000000000000e+03 3.601653592170230844e-01
5.056000000000000000e+03 3.663800640711705192e-01
5.057000000000000000e+03 3.724445274897984492e-01
5.058000000000000000e+03 3.788937253800648830e-01
5.059000000000000000e+03 3.848926381459309987e-01
5.060000000000000000e+03 3.913709150798738157e-01
5.061000000000000000e+03 3.979968797592890462e-01
5.062000000000000000e+03 4.043325695915827023e-01
5.063000000000000000e+03 4.111030365928771135e-01
5.064000000000000000e+03 4.183232585967533446e-01
5.065000000000000000e+03 4.247957160737776405e-01
5.066000000000000000e+03 4.306720663252334158e-01
5.067000000000000000e+03 4.370290388379781121e-01
5.068000000000000000e+03 4.450318979838540634e-01
5.069000000000000000e+03 4.509009037320575453e-01
5.070000000000000000e+03 4.578134542041354949e-01
5.071000000000000000e+03 4.630446231932865975e-01
5.072000000000000000e+03 4.690798716318040906e-01
5.073000000000000000e+03 4.750028638234213285e-01
5.074000000000000000e+03 4.818930132426912927e-01
5.075000000000000000e+03 4.877634541193641149e-01
5.076000000000000000e+03 4.933674934932166245e-01
5.077000000000000000e+03 4.995752320213924236e-01
5.078000000000000000e+03 5.056536914431859486e-01
5.079000000000000000e+03 5.111255726738578309e-01
5.080000000000000000e+03 5.173194302452936988e-01
5.081000000000000000e+03 5.232751181768992010e-01
5.082000000000000000e+03 5.289151635245672445e-01
5.083000000000000000e+03 5.354000292883981382e-01
5.084000000000000000e+03 5.409292072719996680e-01
5.085000000000000000e+03 5.467885084000841944e-01
5.086000000000000000e+03 5.545470325530520439e-01
5.087000000000000000e+03 5.605362849765351818e-01
5.088000000000000000e+03 5.679180485861640149e-01
5.089000000000000000e+03 5.736203536533174274e-01
5.090000000000000000e+03 5.803361144898430135e-01
5.091000000000000000e+03 5.865269075878082328e-01
5.092000000000000000e+03 5.932261151359193851e-01
5.093000000000000000e+03 5.994178989198469809e-01
5.094000000000000000e+03 6.063890545708792157e-01
5.095000000000000000e+03 6.125907300010561274e-01
5.096000000000000000e+03 6.200464707329159664e-01
5.097000000000000000e+03 6.265241599461385258e-01
5.098000000000000000e+03 6.322237935141908904e-01
5.099000000000000000e+03 6.373022883278983697e-01
5.100000000000000000e+03 6.447748461223776761e-01
5.101000000000000000e+03 6.514995506074692244e-01
5.102000000000000000e+03 6.579032558865015590e-01
5.103000000000000000e+03 6.645082342056997105e-01
5.104000000000000000e+03 6.695113583973472116e-01
5.105000000000000000e+03 6.756309295079065969e-01
5.106000000000000000e+03 6.827768619476802803e-01
5.107000000000000000e+03 6.898545964558920884e-01
5.108000000000000000e+03 6.947543891270951955e-01
5.109000000000000000e+03 7.000936523316405591e-01
5.110000000000000000e+03 7.080305151712326106e-01
5.111000000000000000e+03 7.134525551871648830e-01
5.112000000000000000e+03 7.197511112879194650e-01
5.113000000000000000e+03 7.259527294976370060e-01
5.114000000000000000e+03 7.313780837588838013e-01
5.115000000000000000e+03 7.376083562487648626e-01
5.116000000000000000e+03 7.441116333764695723e-01
5.117000000000000000e+03 7.495400751204717160e-01
5.118000000000000000e+03 7.558089460645396329e-01
5.119000000000000000e+03 7.607028354160370043e-01
5.120000000000000000e+03 7.672455519721621542e-01
5.121000000000000000e+03 7.728147119189064940e-01
5.122000000000000000e+03 7.793691075037395555e-01
5.123000000000000000e+03 7.848416075630783029e-01
5.124000000000000000e+03 7.922872827923485017e-01
5.125000000000000000e+03 7.983888120499872398e-01
5.126000000000000000e+03 8.038292068905295018e-01
5.127000000000000000e+03 8.092099313887340939e-01
5.128000000000000000e+03 8.164817419506252838e-01
5.129000000000000000e+03 8.211032383025638204e-01
5.130000000000000000e+03 8.276862760574096312e-01
5.131000000000000000e+03 8.355218657236247459e-01
5.132000000000000000e+03 8.400086283305335799e-01
5.133000000000000000e+03 8.450869068266856354e-01
5.134000000000000000e+03 8.502354093581906413e-01
5.135000000000000000e+03 8.568344161624000810e-01
5.136000000000000000e+03 8.625124477204825224e-01
5.137000000000000000e+03 8.684709898630775804e-01
5.138000000000000000e+03 8.751154761844209817e-01
5.139000000000000000e+03 8.809710953727601934e-01
5.140000000000000000e+03 8.876074043152821780e-01
5.141000000000000000e+03 8.925140085674466706e-01
5.142000000000000000e+03 8.998166995578341654e-01
5.143000000000000000e+03 9.052989257328091233e-01
5.144000000000000000e+03 9.101134401654431549e-01
5.145000000000000000e+03 9.153775110698888495e-01
5.146000000000000000e+03 9.217891909584169374e-01
5.147000000000000000e+03 9.286652932848253883e-01
5.148000000000000000e+03 9.345723217252696058e-01
5.149000000000000000e+03 9.407753522055491979e-01
5.150000000000000000e+03 9.490017208220460354e-01
5.151000000000000000e+03 9.549135737948942770e-01
5.152000000000000000e+03 9.615211538284543780e-01
5.153000000000000000e+03 9.649722951556007899e-01
5.154000000000000000e+03 9.719343795473611713e-01
5.155000000000000000e+03 9.795070346953371754e-01
5.156000000000000000e+03 9.853603735424231180e-01
5.157000000000000000e+03 9.911352702549525162e-01
5.158000000000000000e+03 9.981309494139657401e-01
5.159000000000000000e+03 1.004064848763602802e+00
5.160000000000000000e+03 1.009762885986812186e+00
5.161000000000000000e+03 1.016693057408409429e+00
5.162000000000000000e+03 1.023143274216425036e+00
5.163000000000000000e+03 1.028922258407349855e+00
5.164000000000000000e+03 1.036840716770716986e+00
5.165000000000000000e+03 1.042870037744916045e+00
5.166000000000000000e+03 1.049268496528505290e+00
5.167000000000000000e+03 1.055717406348576803e+00
5.168000000000000000e+03 1.061791260431683037e+00
5.169000000000000000e+03 1.067088407183449883e+00
5.170000000000000000e+03 1.074427071980067261e+00
5.171000000000000000e+03 1.080731983638945293e+00
5.172000000000000000e+03 1.087608471673632504e+00
5.173000000000000000e+03 1.092335603956192003e+00
5.174000000000000000e+03 1.099181186282445877e+00
5.175000000000000000e+03 1.105139540414962207e+00
5.176000000000000000e+03 1.111929321440439322e+00
5.177000000000000000e+03 1.116568496189420001e+00
5.178000000000000000e+03 1.125221379597982407e+00
5.179000000000000000e+03 1.130164324291168754e+00
5.180000000000000000e+03 1.138804641753908165e+00
5.181000000000000000e+03 1.143328848187886271e+00
5.182000000000000000e+03 1.150475051667954052e+00
5.183000000000000000e+03 1.157052494230724982e+00
5.184000000000000000e+03 1.164227853502546095e+00
5.185000000000000000e+03 1.170911222185406997e+00
5.186000000000000000e+03 1.177653756368727711e+00
5.187000000000000000e+03 1.183379885961138855e+00
5.188000000000000000e+03 1.189707110117351085e+00
5.189000000000000000e+03 1.197097653283013319e+00
5.190000000000000000e+03 1.204125395880805138e+00
5.191000000000000000e+03 1.210730302901494637e+00
5.192000000000000000e+03 1.216686440876552755e+00
5.193000000000000000e+03 1.223179821589636562e+00
5.194000000000000000e+03 1.231683946942526697e+00
5.195000000000000000e+03 1.237459743893335906e+00
5.196000000000000000e+03 1.243338733400617402e+00
5.197000000000000000e+03 1.248633230451552834e+00
5.198000000000000000e+03 1.255877374467395891e+00
5.199000000000000000e+03 1.261808087485177143e+00
5.200000000000000000e+03 1.268826673598516308e+00
5.201000000000000000e+03 1.275407942514571236e+00
5.202000000000000000e+03 1.282579563231694975e+00
5.203000000000000000e+03 1.288522792695061314e+00
5.204000000000000000e+03 1.293747692108154324e+00
5.205000000000000000e+03 1.300379856049068028e+00
5.206000000000000000e+03 1.305599085187154840e+00
5.207000000000000000e+03 1.313022319097366664e+00
5.208000000000000000e+03 1.318764585464719419e+00
5.209000000000000000e+03 1.324150348996359083e+00
5.210000000000000000e+03 1.329909601968432220e+00
5.211000000000000000e+03 1.337744520278203231e+00
5.212000000000000000e+03 1.343340672084263110e+00
5.213000000000000000e+03 1.349600909853737596e+00
5.214000000000000000e+03 1.356696608709910379e+00
5.215000000000000000e+03 1.363604864847092202e+00
5.216000000000000000e+03 1.369712799919976520e+00
5.217000000000000000e+03 1.376151032069373059e+00
5.218000000000000000e+03 1.382798560914539010e+00
5.219000000000000000e+03 1.388657075488377801e+00
5.220000000000000000e+03 1.394846997488112139e+00
5.221000000000000000e+03 1.402221817289079908e+00
5.222000000000000000e+03 1.409906510398501345e+00
5.223000000000000000e+03 1.415509204713125024e+00
5.224000000000000000e+03 1.421821604531908534e+00
5.225000000000000000e+03 1.427439204473343715e+00
5.226000000000000000e+03 1.433831591833205188e+00
5.227000000000000000e+03 1.440627956390380993e+00
5.228000000000000000e+03 1.445337389234512271e+00
5.229000000000000000e+03 1.451652096945141857e+00
5.230000000000000000e+03 1.458106720939514434e+00
5.231000000000000000e+03 1.464824183025057680e+00
5.232000000000000000e+03 1.471105405413914324e+00
5.233000000000000000e+03 1.476714908054896247e+00
5.234000000000000000e+03 1.481668214343843326e+00
5.235000000000000000e+03 1.486999535030789188e+00
5.236000000000000000e+03 1.494559276217506172e+00
5.237000000000000000e+03 1.498234897189670400e+00
5.238000000000000000e+03 1.505320357973612966e+00
5.239000000000000000e+03 1.511623374091254135e+00
5.240000000000000000e+03 1.517207976447212170e+00
5.241000000000000000e+03 1.525496054149809488e+00
5.242000000000000000e+03 1.531016877492268558e+00
5.243000000000000000e+03 1.535571138442508810e+00
5.244000000000000000e+03 1.541827241504002854e+00
5.245000000000000000e+03 1.549128654873560329e+00
5.246000000000000000e+03 1.555204659870693673e+00
5.247000000000000000e+03 1.560852169460719585e+00
5.248000000000000000e+03 1.566790101793076095e+00
5.249000000000000000e+03 1.571425348312135872e+00
5.250000000000000000e+03 1.578743655189635886e+00
5.251000000000000000e+03 1.585677565317304749e+00
5.252000000000000000e+03 1.590010550059969718e+00
5.253000000000000000e+03 1.596651483868797072e+00
5.254000000000000000e+03 1.601895215473477352e+00
5.255000000000000000e+03 1.606188433510915559e+00
5.256000000000000000e+03 1.614098237658303070e+00
5.257000000000000000e+03 1.621009430052741562e+00
5.258000000000000000e+03 1.625535079108343828e+00
5.259000000000000000e+03 1.629832487560454402e+00
5.260000000000000000e+03 1.635602035219707817e+00
5.261000000000000000e+03 1.640852038368347143e+00
5.262000000000000000e+03 1.646973655640133538e+00
5.263000000000000000e+03 1.652862624213809362e+00
5.264000000000000000e+03 1.659746696229964513e+00
5.265000000000000000e+03 1.665306938110836077e+00
5.266000000000000000e+03 1.670139887068006423e+00
5.267000000000000000e+03 1.676741329374767053e+00
5.268000000000000000e+03 1.682753577156672398e+00
5.269000000000000000e+03 1.688545890384250958e+00
5.270000000000000000e+03 1.693813102964370820e+00
5.271000000000000000e+03 1.698956610664488887e+00
5.272000000000000000e+03 1.703523246522934853e+00
5.273000000000000000e+03 1.711478299640472933e+00
5.274000000000000000e+03 1.715867223891001103e+00
5.275000000000000000e+03 1.725948291051956351e+00
5.276000000000000000e+03 1.732410903809562308e+00
5.277000000000000000e+03 1.739582851954869502e+00
5.278000000000000000e+03 1.746215148501925718e+00
5.279000000000000000e+03 1.749644066644094886e+00
5.280000000000000000e+03 1.757503506493948819e+00
5.281000000000000000e+03 1.764115418025425486e+00
5.282000000000000000e+03 1.770104862394786815e+00
5.283000000000000000e+03 1.777070606776645301e+00
5.284000000000000000e+03 1.783307209317647413e+00
5.285000000000000000e+03 1.788554918803866522e+00
5.286000000000000000e+03 1.793864416092161740e+00
5.287000000000000000e+03 1.801178778996543217e+00
5.288000000000000000e+03 1.804702160850403914e+00
5.289000000000000000e+03 1.811090324341304125e+00
5.290000000000000000e+03 1.818636955382332276e+00
5.291000000000000000e+03 1.825794346521771194e+00
5.292000000000000000e+03 1.832041506691584720e+00
5.293000000000000000e+03 1.840405572558206693e+00
5.294000000000000000e+03 1.846661942799887157e+00
5.295000000000000000e+03 1.851875947013733814e+00
5.296000000000000000e+03 1.857345702156186995e+00
5.297000000000000000e+03 1.864162756299215795e+00
5.298000000000000000e+03 1.870976881299700745e+00
5.299000000000000000e+03 1.876106797475662447e+00
5.300000000000000000e+03 1.883285295395622727e+00
5.301000000000000000e+03 1.888316407279362563e+00
5.302000000000000000e+03 1.894465885465107746e+00
5.303000000000000000e+03 1.900950275300040460e+00
5.304000000000000000e+03 1.908297411903502550e+00
5.305000000000000000e+03 1.913957473209926485e+00
5.306000000000000000e+03 1.921330095321413856e+00
5.307000000000000000e+03 1.927044686211479840e+00
5.308000000000000000e+03 1.934243960304867116e+00
5.309000000000000000e+03 1.938663318573480732e+00
5.310000000000000000e+03 1.945825792342896987e+00
5.311000000000000000e+03 1.953122702704535696e+00
5.312000000000000000e+03 1.959886537582155697e+00
5.313000000000000000e+03 1.965551716335236732e+00
5.314000000000000000e+03 1.973195915827675506e+00
5.315000000000000000e+03 1.980829446883428879e+00
5.316000000000000000e+03 1.988566672915504929e+00
5.317000000000000000e+03 1.995055303119477763e+00
5.318000000000000000e+03 1.999384714762369342e+00
5.319000000000000000e+03 2.008721371605283412e+00
5.320000000000000000e+03 2.016469201890248808e+00
5.321000000000000000e+03 2.020877396114287627e+00
5.322000000000000000e+03 2.027492375146774162e+00
5.323000000000000000e+03 2.033964626675559995e+00
5.324000000000000000e+03 2.039707072727263260e+00
5.325000000000000000e+03 2.045425675104536545e+00
5.326000000000000000e+03 2.054644056653220474e+00
5.327000000000000000e+03 2.061337687477232894e+00
5.328000000000000000e+03 2.066398916395884910e+00
5.329000000000000000e+03 2.073306207808236490e+00
5.330000000000000000e+03 2.079399317181299889e+00
5.331000000000000000e+03 2.085356965746198554e+00
5.332000000000000000e+03 2.092151076604449322e+00
5.333000000000000000e+03 2.098142516423786130e+00
5.334000000000000000e+03 2.105691443246507699e+00
5.335000000000000000e+03 2.110783685956682643e+00
5.336000000000000000e+03 2.116229050954181456e+00
5.337000000000000000e+03 2.124859132918099469e+00
5.338000000000000000e+03 2.130287567017570716e+00
5.339000000000000000e+03 2.138201785314651104e+00
5.340000000000000000e+03 2.144894840603783326e+00
5.341000000000000000e+03 2.152788862500872202e+00
5.342000000000000000e+03 2.159408088865733877e+00
5.343000000000000000e+03 2.165597704024542214e+00
5.344000000000000000e+03 2.171201081048874659e+00
5.345000000000000000e+03 2.177906159294976440e+00
5.346000000000000000e+03 2.183793753366622070e+00
5.347000000000000000e+03 2.193543421427408546e+00
5.348000000000000000e+03 2.199302453843373861e+00
5.349000000000000000e+03 2.205191520509265146e+00
5.350000000000000000e+03 2.209445865873307380e+00
5.351000000000000000e+03 2.215960126604353597e+00
5.352000000000000000e+03 2.223434688325911512e+00
5.353000000000000000e+03 2.227515969654871419e+00
5.354000000000000000e+03 2.232975681547135327e+00
5.355000000000000000e+03 2.238754990895590158e+00
5.356000000000000000e+03 2.247369887034099012e+00
5.357000000000000000e+03 2.252071136898464054e+00
5.358000000000000000e+03 2.258778792184496620e+00
5.359000000000000000e+03 2.264811108907065051e+00
5.360000000000000000e+03 2.270672116052536271e+00
5.361000000000000000e+03 2.279354855673654701e+00
5.362000000000000000e+03 2.283553298768543627e+00
5.363000000000000000e+03 2.289354291037907441e+00
5.364000000000000000e+03 2.295837075369698166e+00
5.365000000000000000e+03 2.302479184468587015e+00
5.366000000000000000e+03 2.309237479558067019e+00
5.367000000000000000e+03 2.314826351650177028e+00
5.368000000000000000e+03 2.320120224725631619e+00
5.369000000000000000e+03 2.326820689610072712e+00
5.370000000000000000e+03 2.333300736745197224e+00
5.371000000000000000e+03 2.340601295289540307e+00
5.372000000000000000e+03 2.347038348364452354e+00
5.373000000000000000e+03 2.351016204167926116e+00
5.374000000000000000e+03 2.356972962031289587e+00
5.375000000000000000e+03 2.364268880571638309e+00
5.376000000000000000e+03 2.369394507029699781e+00
5.377000000000000000e+03 2.374916190798319615e+00
5.378000000000000000e+03 2.382130288320875255e+00
5.379000000000000000e+03 2.388272326635935361e+00
5.380000000000000000e+03 2.393715929909357776e+00
5.381000000000000000e+03 2.397880021958123109e+00
5.382000000000000000e+03 2.406194172511024743e+00
5.383000000000000000e+03 2.412613147251189805e+00
5.384000000000000000e+03 2.418339620014977598e+00
5.385000000000000000e+03 2.421560568733819530e+00
5.386000000000000000e+03 2.427198973156159401e+00
5.387000000000000000e+03 2.432713251265267829e+00
5.388000000000000000e+03 2.438722216591004521e+00
5.389000000000000000e+03 2.444502891661629818e+00
5.390000000000000000e+03 2.451168650672547855e+00
5.391000000000000000e+03 2.455679286169627940e+00
5.392000000000000000e+03 2.460749792674230552e+00
5.393000000000000000e+03 2.467492436303032388e+00
5.394000000000000000e+03 2.475086365957108736e+00
5.395000000000000000e+03 2.479522231874012661e+00
5.396000000000000000e+03 2.484915661887516780e+00
5.397000000000000000e+03 2.491471657525924588e+00
5.398000000000000000e+03 2.496652315836104030e+00
5.399000000000000000e+03 2.503563926030718534e+00
5.400000000000000000e+03 2.508882467179071707e+00
5.401000000000000000e+03 2.518887724800715322e+00
5.402000000000000000e+03 2.525031332288469432e+00
5.403000000000000000e+03 2.533208970569429841e+00
5.404000000000000000e+03 2.537556325216141051e+00
5.405000000000000000e+03 2.544187786162845910e+00
5.406000000000000000e+03 2.552168816763257464e+00
5.407000000000000000e+03 2.558647763388498309e+00
5.408000000000000000e+03 2.564056996542310340e+00
5.409000000000000000e+03 2.570887105427091424e+00
5.410000000000000000e+03 2.575921277545746513e+00
5.411000000000000000e+03 2.582123592921665711e+00
5.412000000000000000e+03 2.587749883258152916e+00
5.413000000000000000e+03 2.594551860264368681e+00
5.414000000000000000e+03 2.599374513474721038e+00
5.415000000000000000e+03 2.606853383684916370e+00
5.416000000000000000e+03 2.613933619544619003e+00
5.417000000000000000e+03 2.621828579675584248e+00
5.418000000000000000e+03 2.627862130725195033e+00
5.419000000000000000e+03 2.637228045690627187e+00
5.420000000000000000e+03 2.640762533763097331e+00
5.421000000000000000e+03 2.646496154542952617e+00
5.422000000000000000e+03 2.654413592928931642e+00
5.423000000000000000e+03 2.658936930762397122e+00
5.424000000000000000e+03 2.666274639614044428e+00
5.425000000000000000e+03 2.672054354349772343e+00
5.426000000000000000e+03 2.678280464656768611e+00
5.427000000000000000e+03 2.683932248978386337e+00
5.428000000000000000e+03 2.690497870975070871e+00
5.429000000000000000e+03 2.698373606545585002e+00
5.430000000000000000e+03 2.703156117333306963e+00
5.431000000000000000e+03 2.708511766706195090e+00
5.432000000000000000e+03 2.715690043918671304e+00
5.433000000000000000e+03 2.723723508441259877e+00
5.434000000000000000e+03 2.728907164013576025e+00
5.435000000000000000e+03 2.734650960044255452e+00
5.436000000000000000e+03 2.741474080464197272e+00
5.437000000000000000e+03 2.746741972423734968e+00
5.438000000000000000e+03 2.752674823639884139e+00
5.439000000000000000e+03 2.759526289077030459e+00
5.440000000000000000e+03 2.768363056485612983e+00
5.441000000000000000e+03 2.777245365324473969e+00
5.442000000000000000e+03 2.782238344464983637e+00
5.443000000000000000e+03 2.789692493317618815e+00
5.444000000000000000e+03 2.794818685622442178e+00
5.445000000000000000e+03 2.803086733136858744e+00
5.446000000000000000e+03 2.809902731880308924e+00
5.447000000000000000e+03 2.813044180794365801e+00
5.448000000000000000e+03 2.820086454361204531e+00
5.449000000000000000e+03 2.827137221684531188e+00
5.450000000000000000e+03 2.830300126454187382e+00
5.451000000000000000e+03 2.838079609946599025e+00
5.452000000000000000e+03 2.845988243950736685e+00
5.453000000000000000e+03 2.852557641286699308e+00
5.454000000000000000e+03 2.858777772207108381e+00
5.455000000000000000e+03 2.865135713002038731e+00
5.456000000000000000e+03 2.871681784977986762e+00
5.457000000000000000e+03 2.876192186143664120e+00
5.458000000000000000e+03 2.882826491461860652e+00
5.459000000000000000e+03 2.888426764351981202e+00
5.460000000000000000e+03 2.895596403091671434e+00
5.461000000000000000e+03 2.900257443624829623e+00
5.462000000000000000e+03 2.905553485930911339e+00
5.463000000000000000e+03 2.913759770469059873e+00
5.464000000000000000e+03 2.919991961282397686e+00
5.465000000000000000e+03 2.926065969921292975e+00
5.466000000000000000e+03 2.933667055765786902e+00
5.467000000000000000e+03 2.940766543433781077e+00
5.468000000000000000e+03 2.948159394037156655e+00
5.469000000000000000e+03 2.951964419531442285e+00
5.470000000000000000e+03 2.957505287897019386e+00
5.471000000000000000e+03 2.964665730188762449e+00
5.472000000000000000e+03 2.970186384897382847e+00
5.473000000000000000e+03 2.980069310021779661e+00
5.474000000000000000e+03 2.985738042801145298e+00
5.475000000000000000e+03 2.991863868955579875e+00
5.476000000000000000e+03 2.995317152114143067e+00
5.477000000000000000e+03 3.002381949651807158e+00
5.478000000000000000e+03 3.008223642621721705e+00
5.479000000000000000e+03 3.013438918704078429e+00
5.480000000000000000e+03 3.019590731423996033e+00
5.481000000000000000e+03 3.026039231315491573e+00
5.482000000000000000e+03 3.032975751483249383e+00
5.483000000000000000e+03 3.038257517738948366e+00
5.484000000000000000e+03 3.046662306407140974e+00
5.485000000000000000e+03 3.053126781403074030e+00
5.486000000000000000e+03 3.056618812197732904e+00
5.487000000000000000e+03 3.066261335100445518e+00
5.488000000000000000e+03 3.070379421900186756e+00
5.489000000000000000e+03 3.076031214396159452e+00
5.490000000000000000e+03 3.082648314824181224e+00
5.491000000000000000e+03 3.089895450047083880e+00
5.492000000000000000e+03 3.096084724305167679e+00
5.493000000000000000e+03 3.103218432835168628e+00
5.494000000000000000e+03 3.106832348051526527e+00
5.495000000000000000e+03 3.116587325202092362e+00
5.496000000000000000e+03 3.122283686077785614e+00
5.497000000000000000e+03 3.128477699643087195e+00
5.498000000000000000e+03 3.133054620046461292e+00
5.499000000000000000e+03 3.140360571846129378e+00
5.500000000000000000e+03 3.144696576557464152e+00
5.501000000000000000e+03 3.151685528830878713e+00
5.502000000000000000e+03 3.158432671077669340e+00
5.503000000000000000e+03 3.160707558525933436e+00
5.504000000000000000e+03 3.170569491916232607e+00
5.505000000000000000e+03 3.176590566483756817e+00
5.506000000000000000e+03 3.179839090619768882e+00
5.507000000000000000e+03 3.186924530513701281e+00
5.508000000000000000e+03 3.195783667791457727e+00
5.509000000000000000e+03 3.201838770064096451e+00
5.510000000000000000e+03 3.207691564408557738e+00
5.511000000000000000e+03 3.211846131218805578e+00
5.512000000000000000e+03 3.215964446294874435e+00
5.513000000000000000e+03 3.220865233285086671e+00
5.514000000000000000e+03 3.226901785229879582e+00
5.515000000000000000e+03 3.234732167682949910e+00
5.516000000000000000e+03 3.239926229204449726e+00
5.517000000000000000e+03 3.246669902498758642e+00
5.518000000000000000e+03 3.250107863289969146e+00
5.519000000000000000e+03 3.257063073657807006e+00
5.520000000000000000e+03 3.263098273504347890e+00
5.521000000000000000e+03 3.269246137709845623e+00
5.522000000000000000e+03 3.274361225915336959e+00
5.523000000000000000e+03 3.280689989120243677e+00
5.524000000000000000e+03 3.287040438576350976e+00
5.525000000000000000e+03 3.290696728418741390e+00
5.526000000000000000e+03 3.299813380165703691e+00
5.527000000000000000e+03 3.307650680541992738e+00
5.528000000000000000e+03 3.314331683204287060e+00
5.529000000000000000e+03 3.324202925061423120e+00
5.530000000000000000e+03 3.326155702500115385e+00
5.531000000000000000e+03 3.334096883743526973e+00
5.532000000000000000e+03 3.341750205509246285e+00
5.533000000000000000e+03 3.347056977408273237e+00
5.534000000000000000e+03 3.352633079044402553e+00
5.535000000000000000e+03 3.360240928407697947e+00
5.536000000000000000e+03 3.365078131055074806e+00
5.537000000000000000e+03 3.371416818527948944e+00
5.538000000000000000e+03 3.377525428893073833e+00
5.539000000000000000e+03 3.383726979815770974e+00
5.540000000000000000e+03 3.388298649863591194e+00
5.541000000000000000e+03 3.396160097879075579e+00
5.542000000000000000e+03 3.403997310456774006e+00
5.543000000000000000e+03 3.410585808526905183e+00
5.544000000000000000e+03 3.417005835033599226e+00
5.545000000000000000e+03 3.425123403034513458e+00
5.546000000000000000e+03 3.428964605180041758e+00
5.547000000000000000e+03 3.434948530045770720e+00
5.548000000000000000e+03 3.442718361143082273e+00
5.549000000000000000e+03 3.449034280322845092e+00
5.550000000000000000e+03 3.454493179926796387e+00
5.551000000000000000e+03 3.462255374363492066e+00
5.552000000000000000e+03 3.467032098316011446e+00
5.553000000000000000e+03 3.474191250271265741e+00
5.554000000000000000e+03 3.478945783584836082e+00
5.555000000000000000e+03 3.488496613880944341e+00
5.556000000000000000e+03 3.493765104990156800e+00
5.557000000000000000e+03 3.500672167217920627e+00
5.558000000000000000e+03 3.505993919372559997e+00
5.559000000000000000e+03 3.514378370254758632e+00
5.560000000000000000e+03 3.518392117212688408e+00
5.561000000000000000e+03 3.524352645268514106e+00
5.562000000000000000e+03 3.531627818516323014e+00
5.563000000000000000e+03 3.536981382218618020e+00
5.564000000000000000e+03 3.543624027191645265e+00
5.565000000000000000e+03 3.550682751489061317e+00
5.566000000000000000e+03 3.558787209041536670e+00
5.567000000000000000e+03 3.565784011114210283e+00
5.568000000000000000e+03 3.572320933871800275e+00
5.569000000000000000e+03 3.578067691742425893e+00
5.570000000000000000e+03 3.585481921604698030e+00
5.571000000000000000e+03 3.596549308413552470e+00
5.572000000000000000e+03 3.600615405733622154e+00
5.573000000000000000e+03 3.605025873335582443e+00
5.574000000000000000e+03 3.611250780499170698e+00
5.575000000000000000e+03 3.617922837393626523e+00
5.576000000000000000e+03 3.621205698649089033e+00
5.577000000000000000e+03 3.629752709524974197e+00
5.578000000000000000e+03 3.637068865942576057e+00
5.579000000000000000e+03 3.643894136822412477e+00
5.580000000000000000e+03 3.650272104172481047e+00
5.581000000000000000e+03 3.658404915824767567e+00
5.582000000000000000e+03 3.663020565699017350e+00
5.583000000000000000e+03 3.668491454957023112e+00
5.584000000000000000e+03 3.676639279562329943e+00
5.585000000000000000e+03 3.683358017452180277e+00
5.586000000000000000e+03 3.689119128272646986e+00
5.587000000000000000e+03 3.695639411684067621e+00
5.588000000000000000e+03 3.701885983906096467e+00
5.589000000000000000e+03 3.705216594877694281e+00
5.590000000000000000e+03 3.712179140363421226e+00
5.591000000000000000e+03 3.718859875391399950e+00
5.592000000000000000e+03 3.725530984061102391e+00
5.593000000000000000e+03 3.733401047842844545e+00
5.594000000000000000e+03 3.738696362934416317e+00
5.595000000000000000e+03 3.743040045480877875e+00
5.596000000000000000e+03 3.749399134318034399e+00
5.597000000000000000e+03 3.756157243516707656e+00
5.598000000000000000e+03 3.765617391192725094e+00
5.599000000000000000e+03 3.773722608051599980e+00
5.600000000000000000e+03 3.778628457084536763e+00
5.601000000000000000e+03 3.782754681299603572e+00
5.602000000000000000e+03 3.788172092134990621e+00
5.603000000000000000e+03 3.794911103627038873e+00
5.604000000000000000e+03 3.800593212067133297e+00
5.605000000000000000e+03 3.805838574000766084e+00
5.606000000000000000e+03 3.812333696758936075e+00
5.607000000000000000e+03 3.820110374329582115e+00
5.608000000000000000e+03 3.824973889305478991e+00
5.609000000000000000e+03 3.834744954790390015e+00
5.610000000000000000e+03 3.841593135046583285e+00
5.611000000000000000e+03 3.847713199797129224e+00
5.612000000000000000e+03 3.853528803870791553e+00
5.613000000000000000e+03 3.860308292933873897e+00
5.614000000000000000e+03 3.867229375082349652e+00
5.615000000000000000e+03 3.873448679485015145e+00
5.616000000000000000e+03 3.879781259809223837e+00
5.617000000000000000e+03 3.887021910652283641e+00
5.618000000000000000e+03 3.894220719110400353e+00
5.619000000000000000e+03 3.900496836465500383e+00
5.620000000000000000e+03 3.907000364273312432e+00
5.621000000000000000e+03 3.913370492117745680e+00
5.622000000000000000e+03 3.921891205802796154e+00
5.623000000000000000e+03 3.926577606806683107e+00
5.624000000000000000e+03 3.930938309563529298e+00
5.625000000000000000e+03 3.938175929236034545e+00
5.626000000000000000e+03 3.941251251584005022e+00
5.627000000000000000e+03 3.950325201730878089e+00
5.628000000000000000e+03 3.955867433093842589e+00
5.629000000000000000e+03 3.960960579523965297e+00
5.630000000000000000e+03 3.969261728317019955e+00
5.631000000000000000e+03 3.975394366430855531e+00
5.632000000000000000e+03 3.979822750999815639e+00
5.633000000000000000e+03 3.989561223832385650e+00
5.634000000000000000e+03 3.996959696572922827e+00
5.635000000000000000e+03 4.001352377997503318e+00
5.636000000000000000e+03 4.006097920735677498e+00
5.637000000000000000e+03 4.010796660165937944e+00
5.638000000000000000e+03 4.014126615372914486e+00
5.639000000000000000e+03 4.021104512290347266e+00
5.640000000000000000e+03 4.024245833745077938e+00
5.641000000000000000e+03 4.031078915066190760e+00
5.642000000000000000e+03 4.036941387237061640e+00
5.643000000000000000e+03 4.041782146635511275e+00
5.644000000000000000e+03 4.048220843360540222e+00
5.645000000000000000e+03 4.054535702902173355e+00
5.646000000000000000e+03 4.059953159756129359e+00
5.647000000000000000e+03 4.065167921762617986e+00
5.648000000000000000e+03 4.068634544251456653e+00
5.649000000000000000e+03 4.073154555426706125e+00
5.650000000000000000e+03 4.080751698206341871e+00
5.651000000000000000e+03 4.082633640349858872e+00
5.652000000000000000e+03 4.092407512362040478e+00
5.653000000000000000e+03 4.097194835117886846e+00
5.654000000000000000e+03 4.106805510142494064e+00
5.655000000000000000e+03 4.113413695683558302e+00
5.656000000000000000e+03 4.117021941533166363e+00
5.657000000000000000e+03 4.125306457640636637e+00
5.658000000000000000e+03 4.132693005516416385e+00
5.659000000000000000e+03 4.137185590834843829e+00
5.660000000000000000e+03 4.142881959582132012e+00
5.661000000000000000e+03 4.149872509789848785e+00
5.662000000000000000e+03 4.156079537527902268e+00
5.663000000000000000e+03 4.161484459771052080e+00
5.664000000000000000e+03 4.169857125055220770e+00
5.665000000000000000e+03 4.173791850862047959e+00
5.666000000000000000e+03 4.180311863611614775e+00
5.667000000000000000e+03 4.188656688871837730e+00
5.668000000000000000e+03 4.196834092518642478e+00
5.669000000000000000e+03 4.203751010592020165e+00
5.670000000000000000e+03 4.213840345352415362e+00
5.671000000000000000e+03 4.217618756975443972e+00
5.672000000000000000e+03 4.224891164264978904e+00
5.673000000000000000e+03 4.228625186738513619e+00
5.674000000000000000e+03 4.234399495200505292e+00
5.675000000000000000e+03 4.241625985039607194e+00
5.676000000000000000e+03 4.248846833970812753e+00
5.677000000000000000e+03 4.255078263661220994e+00
5.678000000000000000e+03 4.259284742446172167e+00
5.679000000000000000e+03 4.264892618088496512e+00
5.680000000000000000e+03 4.272342659480988125e+00
5.681000000000000000e+03 4.280224926055427481e+00
5.682000000000000000e+03 4.286227881416441399e+00
5.683000000000000000e+03 4.294432827177502965e+00
5.684000000000000000e+03 4.299878031412762702e+00
5.685000000000000000e+03 4.306682058061872986e+00
5.686000000000000000e+03 4.311741756863064268e+00
5.687000000000000000e+03 4.318243925912036651e+00
5.688000000000000000e+03 4.323432132175989651e+00
5.689000000000000000e+03 4.330557115342883456e+00
5.690000000000000000e+03 4.336208562094069130e+00
5.691000000000000000e+03 4.342493792337083214e+00
5.692000000000000000e+03 4.351057437109571602e+00
5.693000000000000000e+03 4.355542350647939820e+00
5.694000000000000000e+03 4.363033404880100719e+00
5.695000000000000000e+03 4.367766936771453778e+00
5.696000000000000000e+03 4.377543508741591261e+00
5.697000000000000000e+03 4.386272774348181969e+00
5.698000000000000000e+03 4.390460159059552225e+00
5.699000000000000000e+03 4.397708574930827119e+00
5.700000000000000000e+03 4.402945667448496359e+00
5.701000000000000000e+03 4.408151216658334981e+00
5.702000000000000000e+03 4.413533800518702144e+00
5.703000000000000000e+03 4.423689709617976362e+00
5.704000000000000000e+03 4.430006437755768189e+00
5.705000000000000000e+03 4.436758962358747560e+00
5.706000000000000000e+03 4.444121518210760513e+00
5.707000000000000000e+03 4.453145475841703949e+00
5.708000000000000000e+03 4.456347160339356073e+00
5.709000000000000000e+03 4.464697955298045251e+00
5.710000000000000000e+03 4.469981075468520082e+00
5.711000000000000000e+03 4.476831316872246447e+00
5.712000000000000000e+03 4.482722847953675149e+00
5.713000000000000000e+03 4.489916003999253391e+00
5.714000000000000000e+03 4.494881823706246671e+00
5.715000000000000000e+03 4.499305047534758017e+00
5.716000000000000000e+03 4.504279383099267342e+00
5.717000000000000000e+03 4.512535184224446994e+00
5.718000000000000000e+03 4.519846133277529709e+00
5.719000000000000000e+03 4.526092872619629226e+00
5.720000000000000000e+03 4.529823751903714779e+00
5.721000000000000000e+03 4.535568196130177476e+00
5.722000000000000000e+03 4.542524134923544565e+00
5.723000000000000000e+03 4.550564420790899511e+00
5.724000000000000000e+03 4.559938984219985336e+00
5.725000000000000000e+03 4.566873024229018974e+00
5.726000000000000000e+03 4.571634067959256420e+00
5.727000000000000000e+03 4.575661203899081819e+00
5.728000000000000000e+03 4.582996754116484439e+00
5.729000000000000000e+03 4.591223402477445426e+00
5.730000000000000000e+03 4.595963906182181979e+00
5.731000000000000000e+03 4.600026292952281715e+00
5.732000000000000000e+03 4.606876636686778603e+00
5.733000000000000000e+03 4.615331850808764180e+00
5.734000000000000000e+03 4.619723776559981232e+00
5.735000000000000000e+03 4.628364767649814304e+00
5.736000000000000000e+03 4.635079968770344117e+00
5.737000000000000000e+03 4.640063716343472144e+00
5.738000000000000000e+03 4.650104833935934323e+00
5.739000000000000000e+03 4.654038487388974410e+00
5.740000000000000000e+03 4.662018719022234414e+00
5.741000000000000000e+03 4.666544567895312134e+00
5.742000000000000000e+03 4.671186699640181850e+00
5.743000000000000000e+03 4.678348126487126279e+00
5.744000000000000000e+03 4.686948311820864355e+00
5.745000000000000000e+03 4.692149973672535168e+00
5.746000000000000000e+03 4.699307298206147898e+00
5.747000000000000000e+03 4.706767814272923900e+00
5.748000000000000000e+03 4.713745659116716169e+00
5.749000000000000000e+03 4.718547623043968464e+00
5.750000000000000000e+03 4.724072513883075253e+00
5.751000000000000000e+03 4.730118382166303981e+00
5.752000000000000000e+03 4.736289669218519016e+00
5.753000000000000000e+03 4.743355782523987152e+00
5.754000000000000000e+03 4.747736995636471669e+00
5.755000000000000000e+03 4.755020220317535795e+00
5.756000000000000000e+03 4.764548996819388371e+00
5.757000000000000000e+03 4.768732210795085358e+00
5.758000000000000000e+03 4.774321366567460423e+00
5.759000000000000000e+03 4.783785835145012655e+00
5.760000000000000000e+03 4.788578975616939459e+00
5.761000000000000000e+03 4.793995662265355229e+00
5.762000000000000000e+03 4.799262111603268544e+00
5.763000000000000000e+03 4.804554856315490063e+00
5.764000000000000000e+03 4.808042271931967093e+00
5.765000000000000000e+03 4.814693892948208820e+00
5.766000000000000000e+03 4.818164913238041969e+00
5.767000000000000000e+03 4.825306848798480708e+00
5.768000000000000000e+03 4.832318107968283094e+00
5.769000000000000000e+03 4.835093279641768937e+00
5.770000000000000000e+03 4.842316873338488037e+00
5.771000000000000000e+03 4.849624179658431622e+00
5.772000000000000000e+03 4.853007235451348933e+00
5.773000000000000000e+03 4.857999735635430305e+00
5.774000000000000000e+03 4.861533837091357668e+00
5.775000000000000000e+03 4.867268266223725881e+00
5.776000000000000000e+03 4.872093066260928751e+00
5.777000000000000000e+03 4.876416160946804190e+00
5.778000000000000000e+03 4.884517299107141497e+00
5.779000000000000000e+03 4.891834231179856829e+00
5.780000000000000000e+03 4.900821854122100696e+00
5.781000000000000000e+03 4.903752835591636661e+00
5.782000000000000000e+03 4.909699643452962725e+00
5.783000000000000000e+03 4.917171810089597805e+00
5.784000000000000000e+03 4.923327811710417556e+00
5.785000000000000000e+03 4.928034939841620776e+00
5.786000000000000000e+03 4.935370388939269048e+00
5.787000000000000000e+03 4.941436136639306476e+00
5.788000000000000000e+03 4.950288871280731584e+00
5.789000000000000000e+03 4.954740658714658963e+00
5.790000000000000000e+03 4.963372654385037386e+00
5.791000000000000000e+03 4.967193120926144623e+00
5.792000000000000000e+03 4.976800752670045291e+00
5.793000000000000000e+03 4.983973268175881266e+00
5.794000000000000000e+03 4.991584101480152746e+00
5.795000000000000000e+03 4.996570365542455150e+00
5.796000000000000000e+03 5.004424921066040532e+00
5.797000000000000000e+03 5.010700784107997130e+00
5.798000000000000000e+03 5.016349054366823879e+00
5.799000000000000000e+03 5.021348417978436451e+00
5.800000000000000000e+03 5.027253411913675585e+00
5.801000000000000000e+03 5.036412586030503569e+00
5.802000000000000000e+03 5.042256392827110467e+00
5.803000000000000000e+03 5.048609705728198449e+00
5.804000000000000000e+03 5.052637119595966730e+00
5.805000000000000000e+03 5.057911270989314367e+00
5.806000000000000000e+03 5.067052391899956376e+00
5.807000000000000000e+03 5.072395985921219541e+00
5.808000000000000000e+03 5.080497285752069381e+00
5.809000000000000000e+03 5.087340004330592080e+00
5.810000000000000000e+03 5.095373313540505933e+00
5.811000000000000000e+03 5.100352012997581674e+00
5.812000000000000000e+03 5.106684568495977850e+00
5.813000000000000000e+03 5.113269821045890673e+00
5.814000000000000000e+03 5.117653654189337153e+00
5.815000000000000000e+03 5.124265377710734093e+00
5.816000000000000000e+03 5.130949274093386414e+00
5.817000000000000000e+03 5.138680355132570376e+00
5.818000000000000000e+03 5.145838711450969605e+00
5.819000000000000000e+03 5.148734403337753562e+00
5.820000000000000000e+03 5.158450331914991693e+00
5.821000000000000000e+03 5.163837946331691242e+00
5.822000000000000000e+03 5.173885281880692411e+00
5.823000000000000000e+03 5.181823293897841687e+00
5.824000000000000000e+03 5.186807755364311490e+00
5.825000000000000000e+03 5.193871912880550390e+00
5.826000000000000000e+03 5.201171677604554233e+00
5.827000000000000000e+03 5.204913205949086574e+00
5.828000000000000000e+03 5.213543615795315667e+00
5.829000000000000000e+03 5.220201058160692575e+00
5.830000000000000000e+03 5.227620589241149140e+00
5.831000000000000000e+03 5.234636716085767638e+00
5.832000000000000000e+03 5.242376459515280196e+00
5.833000000000000000e+03 5.246801472012957213e+00
5.834000000000000000e+03 5.254027155316065567e+00
5.835000000000000000e+03 5.262495780823724267e+00
5.836000000000000000e+03 5.268731992812386800e+00
5.837000000000000000e+03 5.275874213566853044e+00
5.838000000000000000e+03 5.281224098811075685e+00
5.839000000000000000e+03 5.286546627226331729e+00
5.840000000000000000e+03 5.292353987920846770e+00
5.841000000000000000e+03 5.296962230621821810e+00
5.842000000000000000e+03 5.303424177018421837e+00
5.843000000000000000e+03 5.309922056652250255e+00
5.844000000000000000e+03 5.317955841185553645e+00
5.845000000000000000e+03 5.324893237522672074e+00
5.846000000000000000e+03 5.326392625475687481e+00
5.847000000000000000e+03 5.332576492551772240e+00
5.848000000000000000e+03 5.339467561509876781e+00
5.849000000000000000e+03 5.350134188939652091e+00
5.850000000000000000e+03 5.356052485874720048e+00
5.851000000000000000e+03 5.363923483349032573e+00
5.852000000000000000e+03 5.369267746456085177e+00
5.853000000000000000e+03 5.373098287431019138e+00
5.854000000000000000e+03 5.381073205130440407e+00
5.855000000000000000e+03 5.387726909092493521e+00
5.856000000000000000e+03 5.391970866369823590e+00
5.857000000000000000e+03 5.398722422766307538e+00
5.858000000000000000e+03 5.406354974413676295e+00
5.859000000000000000e+03 5.412440696595205658e+00
5.860000000000000000e+03 5.419913697015672049e+00
5.861000000000000000e+03 5.427678578694660416e+00
5.862000000000000000e+03 5.434623181782071377e+00
5.863000000000000000e+03 5.437698869251065936e+00
5.864000000000000000e+03 5.449119715614923365e+00
5.865000000000000000e+03 5.452291377234079306e+00
5.866000000000000000e+03 5.459470659286256300e+00
5.867000000000000000e+03 5.465101644727920593e+00
5.868000000000000000e+03 5.471181567964099379e+00
5.869000000000000000e+03 5.477674958365304825e+00
5.870000000000000000e+03 5.487496341523669940e+00
5.871000000000000000e+03 5.490557940044099361e+00
5.872000000000000000e+03 5.498502478221106493e+00
5.873000000000000000e+03 5.505459679497615610e+00
5.874000000000000000e+03 5.510137132917133584e+00
5.875000000000000000e+03 5.514513418409559442e+00
5.876000000000000000e+03 5.522086957901243487e+00
5.877000000000000000e+03 5.526786241077239481e+00
5.878000000000000000e+03 5.534753042554094726e+00
5.879000000000000000e+03 5.542835406348817884e+00
5.880000000000000000e+03 5.545672726101344097e+00
5.881000000000000000e+03 5.553688880072699341e+00
5.882000000000000000e+03 5.561032341851128713e+00
5.883000000000000000e+03 5.565766166808111315e+00
5.884000000000000000e+03 5.573578706771610491e+00
5.885000000000000000e+03 5.581516927083331581e+00
5.886000000000000000e+03 5.585082747444272577e+00
5.887000000000000000e+03 5.590793972923639110e+00
5.888000000000000000e+03 5.594702596513051240e+00
5.889000000000000000e+03 5.599106583368210543e+00
5.890000000000000000e+03 5.604776283143057647e+00
5.891000000000000000e+03 5.608140606350367818e+00
5.892000000000000000e+03 5.615587972005211981e+00
5.893000000000000000e+03 5.621340864877850230e+00
5.894000000000000000e+03 5.626859868367514395e+00
5.895000000000000000e+03 5.631989956810362408e+00
5.896000000000000000e+03 5.637025903368754420e+00
5.897000000000000000e+03 5.641637178451296641e+00
5.898000000000000000e+03 5.645890131148079583e+00
5.899000000000000000e+03 5.649270734030100272e+00
5.900000000000000000e+03 5.654653809562561584e+00
5.901000000000000000e+03 5.658230383736746916e+00
5.902000000000000000e+03 5.660643522474503975e+00
5.903000000000000000e+03 5.668800102112783179e+00
5.904000000000000000e+03 5.677119204808793285e+00
5.905000000000000000e+03 5.685769554017084282e+00
5.906000000000000000e+03 5.695719192747084492e+00
5.907000000000000000e+03 5.696517932225787284e+00
5.908000000000000000e+03 5.705660785493400056e+00
5.909000000000000000e+03 5.710037631080261633e+00
5.910000000000000000e+03 5.716171218629867212e+00
5.911000000000000000e+03 5.721531574309817181e+00
5.912000000000000000e+03 5.728872558351548072e+00
5.913000000000000000e+03 5.735507033817348166e+00
5.914000000000000000e+03 5.740905089605426781e+00
5.915000000000000000e+03 5.750419992113873668e+00
5.916000000000000000e+03 5.754188199724473485e+00
5.917000000000000000e+03 5.758234607757082735e+00
5.918000000000000000e+03 5.768611143808517916e+00
5.919000000000000000e+03 5.777959822397384926e+00
5.920000000000000000e+03 5.781706728254047967e+00
5.921000000000000000e+03 5.790691867404516024e+00
5.922000000000000000e+03 5.798462366982111149e+00
5.923000000000000000e+03 5.801864512004550001e+00
5.924000000000000000e+03 5.807922834366087805e+00
5.925000000000000000e+03 5.813332758101203979e+00
5.926000000000000000e+03 5.822198418511284501e+00
5.927000000000000000e+03 5.827815272013348924e+00
5.928000000000000000e+03 5.836078993782165547e+00
5.929000000000000000e+03 5.839660451979863609e+00
5.930000000000000000e+03 5.844789019387867768e+00
5.931000000000000000e+03 5.847200661311074299e+00
5.932000000000000000e+03 5.856931617373514420e+00
5.933000000000000000e+03 5.862205402434816470e+00
5.934000000000000000e+03 5.868283548506476599e+00
5.935000000000000000e+03 5.877203272259420963e+00
5.936000000000000000e+03 5.885044096689377113e+00
5.937000000000000000e+03 5.889707796611486579e+00
5.938000000000000000e+03 5.895381416441897393e+00
5.939000000000000000e+03 5.903025473942830281e+00
5.940000000000000000e+03 5.908932839045451857e+00
5.941000000000000000e+03 5.915322532048301163e+00
5.942000000000000000e+03 5.922645834059941272e+00
5.943000000000000000e+03 5.930889163547091947e+00
5.944000000000000000e+03 5.936522313678071150e+00
5.945000000000000000e+03 5.944293795388840174e+00
5.946000000000000000e+03 5.948517176310217813e+00
5.947000000000000000e+03 5.959608327472025735e+00
5.948000000000000000e+03 5.969304051474921380e+00
5.949000000000000000e+03 5.975134204682851724e+00
5.950000000000000000e+03 5.983081956893681941e+00
5.951000000000000000e+03 5.989124732850090282e+00
5.952000000000000000e+03 5.996842587183391693e+00
5.953000000000000000e+03 6.001096944657585475e+00
5.954000000000000000e+03 6.011120676918635830e+00
5.955000000000000000e+03 6.017295091417100394e+00
5.956000000000000000e+03 6.024259396507627429e+00
5.957000000000000000e+03 6.032181371053064289e+00
5.958000000000000000e+03 6.041568935333739176e+00
5.959000000000000000e+03 6.046336604527063230e+00
5.960000000000000000e+03 6.051799317617266638e+00
5.961000000000000000e+03 6.061611152527819790e+00
5.962000000000000000e+03 6.067031504313149526e+00
5.963000000000000000e+03 6.073656416393460766e+00
5.964000000000000000e+03 6.080498238215370499e+00
5.965000000000000000e+03 6.085771466209775049e+00
5.966000000000000000e+03 6.089052731952970809e+00
5.967000000000000000e+03 6.096456389654250962e+00
5.968000000000000000e+03 6.102388388013082476e+00
5.969000000000000000e+03 6.109264926002139440e+00
5.970000000000000000e+03 6.117763038514152818e+00
5.971000000000000000e+03 6.122835305834581909e+00
5.972000000000000000e+03 6.127207271030969515e+00
5.973000000000000000e+03 6.131102968246215035e+00
5.974000000000000000e+03 6.140970191350059615e+00
5.975000000000000000e+03 6.151210832141693174e+00
5.976000000000000000e+03 6.154539375910689891e+00
5.977000000000000000e+03 6.162535491216751815e+00
5.978000000000000000e+03 6.166353704058938234e+00
5.979000000000000000e+03 6.173541409931487145e+00
5.980000000000000000e+03 6.179841618613591159e+00
5.981000000000000000e+03 6.184536504594105644e+00
5.982000000000000000e+03 6.191130604819645278e+00
5.983000000000000000e+03 6.197059126354393932e+00
5.984000000000000000e+03 6.202763304937454869e+00
5.985000000000000000e+03 6.210073995438833094e+00
5.986000000000000000e+03 6.218042945256308407e+00
5.987000000000000000e+03 6.224451643928649247e+00
5.988000000000000000e+03 6.229692950778538574e+00
5.989000000000000000e+03 6.238435041639543321e+00
5.990000000000000000e+03 6.240890602232917139e+00
5.991000000000000000e+03 6.247586052304220594e+00
5.992000000000000000e+03 6.254772691272555640e+00
5.993000000000000000e+03 6.259725655449763337e+00
5.994000000000000000e+03 6.265426869468083915e+00
5.995000000000000000e+03 6.274354017954018481e+00
5.996000000000000000e+03 6.281591735113232211e+00
5.997000000000000000e+03 6.287355874682231338e+00
5.998000000000000000e+03 6.293768827650283448e+00
5.999000000000000000e+03 6.301021278018047234e+00
