# time(ps)	msd(nm^2)	#D_bar=2.161885837321917e-09,D_std=1.7446831695888535e-10
5.000000000000000000e+03 0.000000000000000000e+00
5.001000000000000000e+03 1.471348397233068067e-02
5.002000000000000000e+03 2.502692716591284686e-02
5.003000000000000000e+03 3.440058172401355002e-02
5.004000000000000000e+03 4.375902609742850918e-02
5.005000000000000000e+03 5.266551674666632848e-02
5.006000000000000000e+03 6.160711350314543311e-02
5.007000000000000000e+03 7.058878121301784270e-02
5.008000000000000000e+03 8.007284552360628693e-02
5.009000000000000000e+03 8.886579677512750075e-02
5.010000000000000000e+03 9.779606989086277180e-02
5.011000000000000000e+03 1.070500654779900640e-01
5.012000000000000000e+03 1.157618093144411331e-01
5.013000000000000000e+03 1.246767251153385464e-01
5.014000000000000000e+03 1.330818197241535883e-01
5.015000000000000000e+03 1.422002150454504954e-01
5.016000000000000000e+03 1.508584526502323442e-01
5.017000000000000000e+03 1.600653497056928332e-01
5.018000000000000000e+03 1.693322741323046998e-01
5.019000000000000000e+03 1.786012395413637543e-01
5.020000000000000000e+03 1.863332833555410295e-01
5.021000000000000000e+03 1.948125552298245189e-01
5.022000000000000000e+03 2.029448466419372099e-01
5.023000000000000000e+03 2.110993014993493011e-01
5.024000000000000000e+03 2.197376886501858084e-01
5.025000000000000000e+03 2.286195976013687403e-01
5.026000000000000000e+03 2.368300593260561637e-01
5.027000000000000000e+03 2.451631369865703014e-01
5.028000000000000000e+03 2.540950169065583908e-01
5.029000000000000000e+03 2.630454705219076317e-01
5.030000000000000000e+03 2.710912787553035885e-01
5.031000000000000000e+03 2.807597950953825694e-01
5.032000000000000000e+03 2.891030842908704490e-01
5.033000000000000000e+03 2.976891463152085415e-01
5.034000000000000000e+03 3.064144767996437868e-01
5.035000000000000000e+03 3.148702052406189833e-01
5.036000000000000000e+03 3.231446336616168868e-01
5.037000000000000000e+03 3.323700322647288874e-01
5.038000000000000000e+03 3.414657324151157414e-01
5.039000000000000000e+03 3.504357334439602289e-01
5.040000000000000000e+03 3.595033117918050025e-01
5.041000000000000000e+03 3.682662599315549290e-01
5.042000000000000000e+03 3.770071480812047238e-01
5.043000000000000000e+03 3.851833354042035751e-01
5.044000000000000000e+03 3.934567432712627322e-01
5.045000000000000000e+03 4.012345120260610298e-01
5.046000000000000000e+03 4.097434319430329208e-01
5.047000000000000000e+03 4.180880126728355184e-01
5.048000000000000000e+03 4.274069417506354274e-01
5.049000000000000000e+03 4.360737912984007369e-01
5.050000000000000000e+03 4.445080829389167487e-01
5.051000000000000000e+03 4.521295438812233947e-01
5.052000000000000000e+03 4.605691397832298861e-01
5.053000000000000000e+03 4.685478882757503905e-01
5.054000000000000000e+03 4.772100349769047845e-01
5.055000000000000000e+03 4.856333873087310127e-01
5.056000000000000000e+03 4.939792595728482727e-01
5.057000000000000000e+03 5.020970638954279641e-01
5.058000000000000000e+03 5.119360722475981840e-01
5.059000000000000000e+03 5.203597216493754951e-01
5.060000000000000000e+03 5.289332875699709335e-01
5.061000000000000000e+03 5.368900124472797408e-01
5.062000000000000000e+03 5.453526408784720170e-01
5.063000000000000000e+03 5.537248299980807031e-01
5.064000000000000000e+03 5.615233770925992518e-01
5.065000000000000000e+03 5.697594636217108155e-01
5.066000000000000000e+03 5.791683489024035403e-01
5.067000000000000000e+03 5.866466339188390888e-01
5.068000000000000000e+03 5.944660950188686011e-01
5.069000000000000000e+03 6.030073258210510989e-01
5.070000000000000000e+03 6.118144773272953252e-01
5.071000000000000000e+03 6.211768067645707658e-01
5.072000000000000000e+03 6.299874769517463946e-01
5.073000000000000000e+03 6.396244196378026992e-01
5.074000000000000000e+03 6.493031522039612868e-01
5.075000000000000000e+03 6.579433396609141171e-01
5.076000000000000000e+03 6.657503116813173749e-01
5.077000000000000000e+03 6.751422892114532504e-01
5.078000000000000000e+03 6.823130446652373449e-01
5.079000000000000000e+03 6.909997362881795668e-01
5.080000000000000000e+03 6.992233199904659413e-01
5.081000000000000000e+03 7.081126440253724397e-01
5.082000000000000000e+03 7.167026959485074400e-01
5.083000000000000000e+03 7.244317837636476964e-01
5.084000000000000000e+03 7.336856716811054335e-01
5.085000000000000000e+03 7.431234071150379927e-01
5.086000000000000000e+03 7.509892092208665382e-01
5.087000000000000000e+03 7.597946144314325911e-01
5.088000000000000000e+03 7.688857457453157629e-01
5.089000000000000000e+03 7.773862668761496453e-01
5.090000000000000000e+03 7.855147168491822818e-01
5.091000000000000000e+03 7.944597989220411050e-01
5.092000000000000000e+03 8.015345438361570762e-01
5.093000000000000000e+03 8.110318177878256263e-01
5.094000000000000000e+03 8.178814589375197341e-01
5.095000000000000000e+03 8.258523592844557726e-01
5.096000000000000000e+03 8.346423737529149456e-01
5.097000000000000000e+03 8.440086308753845801e-01
5.098000000000000000e+03 8.545360963553295663e-01
5.099000000000000000e+03 8.635478428116548644e-01
5.100000000000000000e+03 8.721638008801623210e-01
5.101000000000000000e+03 8.817929541221777301e-01
5.102000000000000000e+03 8.901727945114230600e-01
5.103000000000000000e+03 8.991277858063022599e-01
5.104000000000000000e+03 9.093396181008631673e-01
5.105000000000000000e+03 9.194347302520321508e-01
5.106000000000000000e+03 9.290504465600860629e-01
5.107000000000000000e+03 9.375928756765246064e-01
5.108000000000000000e+03 9.472961201009523213e-01
5.109000000000000000e+03 9.563917539737842866e-01
5.110000000000000000e+03 9.655057430668714247e-01
5.111000000000000000e+03 9.725815551449553675e-01
5.112000000000000000e+03 9.804243023949438252e-01
5.113000000000000000e+03 9.888323340753110147e-01
5.114000000000000000e+03 9.970803555816116770e-01
5.115000000000000000e+03 1.006393586947059271e+00
5.116000000000000000e+03 1.014229203113401256e+00
5.117000000000000000e+03 1.021871377924074231e+00
5.118000000000000000e+03 1.030492310973530445e+00
5.119000000000000000e+03 1.038681803327617947e+00
5.120000000000000000e+03 1.048595978354764702e+00
5.121000000000000000e+03 1.057136494302589158e+00
5.122000000000000000e+03 1.065295479715070881e+00
5.123000000000000000e+03 1.072971401391206170e+00
5.124000000000000000e+03 1.082096229297945689e+00
5.125000000000000000e+03 1.091339086442684181e+00
5.126000000000000000e+03 1.100640942753364993e+00
5.127000000000000000e+03 1.109139694509281071e+00
5.128000000000000000e+03 1.117731163196692634e+00
5.129000000000000000e+03 1.127094928062323254e+00
5.130000000000000000e+03 1.135846201418224011e+00
5.131000000000000000e+03 1.144751925861794861e+00
5.132000000000000000e+03 1.154191710732199949e+00
5.133000000000000000e+03 1.163562404988992105e+00
5.134000000000000000e+03 1.172532532752964762e+00
5.135000000000000000e+03 1.181674980153941901e+00
5.136000000000000000e+03 1.190908654169603009e+00
5.137000000000000000e+03 1.197225354335926584e+00
5.138000000000000000e+03 1.204995343580791856e+00
5.139000000000000000e+03 1.213892605368938726e+00
5.140000000000000000e+03 1.223130126994868450e+00
5.141000000000000000e+03 1.230060749784464003e+00
5.142000000000000000e+03 1.239047649332169154e+00
5.143000000000000000e+03 1.246644830663597991e+00
5.144000000000000000e+03 1.257204922562095595e+00
5.145000000000000000e+03 1.265397904697893816e+00
5.146000000000000000e+03 1.273568872450176359e+00
5.147000000000000000e+03 1.281749814447730174e+00
5.148000000000000000e+03 1.291737298572103843e+00
5.149000000000000000e+03 1.300303113781642539e+00
5.150000000000000000e+03 1.308147332885048142e+00
5.151000000000000000e+03 1.316588063031334466e+00
5.152000000000000000e+03 1.326698725271707069e+00
5.153000000000000000e+03 1.335100145251662873e+00
5.154000000000000000e+03 1.343900057201834919e+00
5.155000000000000000e+03 1.352992811989704114e+00
5.156000000000000000e+03 1.360549576354749268e+00
5.157000000000000000e+03 1.369325488906114607e+00
5.158000000000000000e+03 1.378130945091697201e+00
5.159000000000000000e+03 1.388558320525518752e+00
5.160000000000000000e+03 1.397429920406854764e+00
5.161000000000000000e+03 1.405409925513797065e+00
5.162000000000000000e+03 1.415403469845100348e+00
5.163000000000000000e+03 1.423952282679201709e+00
5.164000000000000000e+03 1.431501306066608636e+00
5.165000000000000000e+03 1.440547600137665585e+00
5.166000000000000000e+03 1.450510356562707770e+00
5.167000000000000000e+03 1.459805547388314251e+00
5.168000000000000000e+03 1.470423954303818226e+00
5.169000000000000000e+03 1.479578786827498105e+00
5.170000000000000000e+03 1.486289482927483308e+00
5.171000000000000000e+03 1.494684639402511062e+00
5.172000000000000000e+03 1.501682000328795619e+00
5.173000000000000000e+03 1.511381250840645896e+00
5.174000000000000000e+03 1.518955634097860274e+00
5.175000000000000000e+03 1.528629817143835057e+00
5.176000000000000000e+03 1.537377830105599363e+00
5.177000000000000000e+03 1.546042195072880432e+00
5.178000000000000000e+03 1.553025539274569766e+00
5.179000000000000000e+03 1.562036793239990340e+00
5.180000000000000000e+03 1.568721141678715902e+00
5.181000000000000000e+03 1.576535477582052147e+00
5.182000000000000000e+03 1.585766275523085023e+00
5.183000000000000000e+03 1.593895961539913309e+00
5.184000000000000000e+03 1.601852762980092493e+00
5.185000000000000000e+03 1.611919608782438118e+00
5.186000000000000000e+03 1.622264697294844460e+00
5.187000000000000000e+03 1.629924889766808827e+00
5.188000000000000000e+03 1.636387189831395972e+00
5.189000000000000000e+03 1.643656964655275665e+00
5.190000000000000000e+03 1.650964635991889251e+00
5.191000000000000000e+03 1.660688166867201998e+00
5.192000000000000000e+03 1.667229441881983076e+00
5.193000000000000000e+03 1.675657009235536066e+00
5.194000000000000000e+03 1.684868576149344932e+00
5.195000000000000000e+03 1.692754811710782237e+00
5.196000000000000000e+03 1.701690088016818203e+00
5.197000000000000000e+03 1.710432746193626619e+00
5.198000000000000000e+03 1.719061991582413684e+00
5.199000000000000000e+03 1.729695781914874386e+00
5.200000000000000000e+03 1.738029262834928090e+00
5.201000000000000000e+03 1.746858154282425524e+00
5.202000000000000000e+03 1.755120134514187136e+00
5.203000000000000000e+03 1.763421414075073690e+00
5.204000000000000000e+03 1.770682129996393739e+00
5.205000000000000000e+03 1.778063424307891216e+00
5.206000000000000000e+03 1.785925325319823287e+00
5.207000000000000000e+03 1.793750178131590767e+00
5.208000000000000000e+03 1.803017279515764182e+00
5.209000000000000000e+03 1.811642369236609929e+00
5.210000000000000000e+03 1.821000367704064926e+00
5.211000000000000000e+03 1.828279470153128194e+00
5.212000000000000000e+03 1.835613775333569508e+00
5.213000000000000000e+03 1.842965912738631529e+00
5.214000000000000000e+03 1.851901742344352231e+00
5.215000000000000000e+03 1.859747202709468139e+00
5.216000000000000000e+03 1.868216594060261082e+00
5.217000000000000000e+03 1.876186376669591205e+00
5.218000000000000000e+03 1.884358523269293650e+00
5.219000000000000000e+03 1.893786606965241148e+00
5.220000000000000000e+03 1.900958199292321682e+00
5.221000000000000000e+03 1.909479991354124273e+00
5.222000000000000000e+03 1.919290250800675723e+00
5.223000000000000000e+03 1.928372336959196742e+00
5.224000000000000000e+03 1.939607945355501739e+00
5.225000000000000000e+03 1.946177823776347404e+00
5.226000000000000000e+03 1.957796293878393934e+00
5.227000000000000000e+03 1.965677938878737763e+00
5.228000000000000000e+03 1.974529884881041975e+00
5.229000000000000000e+03 1.982778629871330578e+00
5.230000000000000000e+03 1.993099609208027312e+00
5.231000000000000000e+03 2.003333966740051597e+00
5.232000000000000000e+03 2.013722558615584912e+00
5.233000000000000000e+03 2.020816740363535313e+00
5.234000000000000000e+03 2.030688622182468261e+00
5.235000000000000000e+03 2.039758898995139180e+00
5.236000000000000000e+03 2.047744665884408732e+00
5.237000000000000000e+03 2.054584068079990278e+00
5.238000000000000000e+03 2.063536413189537733e+00
5.239000000000000000e+03 2.071490917944345700e+00
5.240000000000000000e+03 2.080242202739522650e+00
5.241000000000000000e+03 2.089222303946010051e+00
5.242000000000000000e+03 2.097586223974774011e+00
5.243000000000000000e+03 2.105125003390842409e+00
5.244000000000000000e+03 2.113907105593568758e+00
5.245000000000000000e+03 2.123509762664434586e+00
5.246000000000000000e+03 2.131941650050256154e+00
5.247000000000000000e+03 2.141081903518650353e+00
5.248000000000000000e+03 2.147455569870945435e+00
5.249000000000000000e+03 2.155118650860255780e+00
5.250000000000000000e+03 2.163808794936751045e+00
5.251000000000000000e+03 2.173304082167268447e+00
5.252000000000000000e+03 2.182851477905556781e+00
5.253000000000000000e+03 2.191546987202834362e+00
5.254000000000000000e+03 2.200214760070698716e+00
5.255000000000000000e+03 2.210355078331146306e+00
5.256000000000000000e+03 2.218248935660930954e+00
5.257000000000000000e+03 2.227038771616488777e+00
5.258000000000000000e+03 2.237824006514116171e+00
5.259000000000000000e+03 2.247267152323867201e+00
5.260000000000000000e+03 2.256592345558834367e+00
5.261000000000000000e+03 2.266661334519433968e+00
5.262000000000000000e+03 2.275143429085060287e+00
5.263000000000000000e+03 2.282220782655657754e+00
5.264000000000000000e+03 2.290282071238816108e+00
5.265000000000000000e+03 2.299240388854184136e+00
5.266000000000000000e+03 2.308722549014620817e+00
5.267000000000000000e+03 2.316768104781205206e+00
5.268000000000000000e+03 2.326044742908541352e+00
5.269000000000000000e+03 2.335383090507301862e+00
5.270000000000000000e+03 2.344120652988704645e+00
5.271000000000000000e+03 2.352098748338743217e+00
5.272000000000000000e+03 2.360984500008399767e+00
5.273000000000000000e+03 2.367937020581178942e+00
5.274000000000000000e+03 2.378153272349423641e+00
5.275000000000000000e+03 2.386703888575235410e+00
5.276000000000000000e+03 2.394174203326806083e+00
5.277000000000000000e+03 2.403152990421463020e+00
5.278000000000000000e+03 2.414076301385257750e+00
5.279000000000000000e+03 2.422072664254443453e+00
5.280000000000000000e+03 2.431084121116485530e+00
5.281000000000000000e+03 2.438804848025542871e+00
5.282000000000000000e+03 2.447192021090574876e+00
5.283000000000000000e+03 2.455227933748805214e+00
5.284000000000000000e+03 2.463988694679054348e+00
5.285000000000000000e+03 2.473578266423157146e+00
5.286000000000000000e+03 2.482448445024715067e+00
5.287000000000000000e+03 2.490867937855448577e+00
5.288000000000000000e+03 2.500972274979357035e+00
5.289000000000000000e+03 2.510662718654081083e+00
5.290000000000000000e+03 2.519319139747107084e+00
5.291000000000000000e+03 2.527958782433660456e+00
5.292000000000000000e+03 2.538508567745836775e+00
5.293000000000000000e+03 2.549425824724063538e+00
5.294000000000000000e+03 2.558477544623995126e+00
5.295000000000000000e+03 2.567888154726637673e+00
5.296000000000000000e+03 2.574844431395481692e+00
5.297000000000000000e+03 2.581251607599483133e+00
5.298000000000000000e+03 2.590486190134426270e+00
5.299000000000000000e+03 2.600434449385312430e+00
5.300000000000000000e+03 2.609198090203282305e+00
5.301000000000000000e+03 2.619222077055008313e+00
5.302000000000000000e+03 2.626724605608469876e+00
5.303000000000000000e+03 2.636212532367772088e+00
5.304000000000000000e+03 2.642551603140653516e+00
5.305000000000000000e+03 2.651809806374185730e+00
5.306000000000000000e+03 2.658490559870144931e+00
5.307000000000000000e+03 2.664778781258297702e+00
5.308000000000000000e+03 2.671671490877967958e+00
5.309000000000000000e+03 2.680470225786921290e+00
5.310000000000000000e+03 2.690636596294364580e+00
5.311000000000000000e+03 2.699115383504617771e+00
5.312000000000000000e+03 2.707697266681426740e+00
5.313000000000000000e+03 2.715208871998771034e+00
5.314000000000000000e+03 2.723342732548312384e+00
5.315000000000000000e+03 2.731125478792671313e+00
5.316000000000000000e+03 2.739481856525948444e+00
5.317000000000000000e+03 2.747765347612427078e+00
5.318000000000000000e+03 2.754973255423983414e+00
5.319000000000000000e+03 2.763767020870941504e+00
5.320000000000000000e+03 2.773253173940510852e+00
5.321000000000000000e+03 2.782434575886838957e+00
5.322000000000000000e+03 2.792167702909269522e+00
5.323000000000000000e+03 2.801208130839697663e+00
5.324000000000000000e+03 2.810387246937864347e+00
5.325000000000000000e+03 2.820507529608731190e+00
5.326000000000000000e+03 2.829475227028432460e+00
5.327000000000000000e+03 2.837436888755772824e+00
5.328000000000000000e+03 2.846524473392602061e+00
5.329000000000000000e+03 2.852552819332290213e+00
5.330000000000000000e+03 2.859464479215217736e+00
5.331000000000000000e+03 2.865423588238982244e+00
5.332000000000000000e+03 2.874421310344529967e+00
5.333000000000000000e+03 2.884318569693903100e+00
5.334000000000000000e+03 2.891231696613711932e+00
5.335000000000000000e+03 2.901151357676446718e+00
5.336000000000000000e+03 2.911001259630378257e+00
5.337000000000000000e+03 2.918428023656208570e+00
5.338000000000000000e+03 2.926765342754145127e+00
5.339000000000000000e+03 2.932933146704727267e+00
5.340000000000000000e+03 2.943376550369390277e+00
5.341000000000000000e+03 2.949311902226021687e+00
5.342000000000000000e+03 2.960432570390026275e+00
5.343000000000000000e+03 2.969756195039460867e+00
5.344000000000000000e+03 2.977385967668858768e+00
5.345000000000000000e+03 2.986828784348588339e+00
5.346000000000000000e+03 2.993834035163775553e+00
5.347000000000000000e+03 3.003631417598787490e+00
5.348000000000000000e+03 3.012712566940872971e+00
5.349000000000000000e+03 3.023121758743570364e+00
5.350000000000000000e+03 3.031490110387705439e+00
5.351000000000000000e+03 3.039391894533176153e+00
5.352000000000000000e+03 3.050881529095197831e+00
5.353000000000000000e+03 3.058144674156652254e+00
5.354000000000000000e+03 3.064604857955317119e+00
5.355000000000000000e+03 3.074219641460713692e+00
5.356000000000000000e+03 3.085609188786258006e+00
5.357000000000000000e+03 3.095937893446846889e+00
5.358000000000000000e+03 3.105796332712524421e+00
5.359000000000000000e+03 3.114696199645097252e+00
5.360000000000000000e+03 3.124727765317716788e+00
5.361000000000000000e+03 3.132148462112504195e+00
5.362000000000000000e+03 3.140939181501213984e+00
5.363000000000000000e+03 3.147166232870082681e+00
5.364000000000000000e+03 3.156016766824303321e+00
5.365000000000000000e+03 3.163270024338153963e+00
5.366000000000000000e+03 3.175045367844577360e+00
5.367000000000000000e+03 3.182241388442943464e+00
5.368000000000000000e+03 3.188099332128709662e+00
5.369000000000000000e+03 3.198753528723411232e+00
5.370000000000000000e+03 3.207319363600476425e+00
5.371000000000000000e+03 3.216691905400569595e+00
5.372000000000000000e+03 3.224836782975630811e+00
5.373000000000000000e+03 3.232729613981664141e+00
5.374000000000000000e+03 3.239011264409278112e+00
5.375000000000000000e+03 3.247667630513508374e+00
5.376000000000000000e+03 3.254562106196726479e+00
5.377000000000000000e+03 3.263115835510923102e+00
5.378000000000000000e+03 3.272457850501190979e+00
5.379000000000000000e+03 3.280992116590942587e+00
5.380000000000000000e+03 3.289400721238518344e+00
5.381000000000000000e+03 3.295511455648276300e+00
5.382000000000000000e+03 3.303944360527526047e+00
5.383000000000000000e+03 3.314174820678402966e+00
5.384000000000000000e+03 3.324791638939469163e+00
5.385000000000000000e+03 3.335398454457420225e+00
5.386000000000000000e+03 3.345241289347510527e+00
5.387000000000000000e+03 3.355861245181024355e+00
5.388000000000000000e+03 3.363301184843686453e+00
5.389000000000000000e+03 3.371935872517855426e+00
5.390000000000000000e+03 3.378482514358931876e+00
5.391000000000000000e+03 3.388772505702396298e+00
5.392000000000000000e+03 3.397098062817094810e+00
5.393000000000000000e+03 3.405492477545434493e+00
5.394000000000000000e+03 3.414388834426701269e+00
5.395000000000000000e+03 3.426200170709631010e+00
5.396000000000000000e+03 3.432123158515904660e+00
5.397000000000000000e+03 3.440354785935243243e+00
5.398000000000000000e+03 3.449165115854154084e+00
5.399000000000000000e+03 3.458827594715335962e+00
5.400000000000000000e+03 3.467788116699113132e+00
5.401000000000000000e+03 3.476834644773591609e+00
5.402000000000000000e+03 3.484842355002456760e+00
5.403000000000000000e+03 3.494544461118652467e+00
5.404000000000000000e+03 3.503007183171281014e+00
5.405000000000000000e+03 3.512502728889287607e+00
5.406000000000000000e+03 3.522296591639921370e+00
5.407000000000000000e+03 3.528667203505030603e+00
5.408000000000000000e+03 3.537268979782204781e+00
5.409000000000000000e+03 3.545361370349976227e+00
5.410000000000000000e+03 3.554361367466474686e+00
5.411000000000000000e+03 3.562526199552747297e+00
5.412000000000000000e+03 3.570196941645459532e+00
5.413000000000000000e+03 3.578279255215166543e+00
5.414000000000000000e+03 3.588415096905898327e+00
5.415000000000000000e+03 3.598790635966290008e+00
5.416000000000000000e+03 3.607922168693157960e+00
5.417000000000000000e+03 3.617226531609942786e+00
5.418000000000000000e+03 3.628303945265233921e+00
5.419000000000000000e+03 3.638411228905624295e+00
5.420000000000000000e+03 3.647509088419905066e+00
5.421000000000000000e+03 3.654659723994704734e+00
5.422000000000000000e+03 3.662462053876936352e+00
5.423000000000000000e+03 3.670271065901425711e+00
5.424000000000000000e+03 3.679903151611688461e+00
5.425000000000000000e+03 3.687964379185377783e+00
5.426000000000000000e+03 3.696781436200895943e+00
5.427000000000000000e+03 3.709724748977506703e+00
5.428000000000000000e+03 3.716396017106697425e+00
5.429000000000000000e+03 3.724714870003337008e+00
5.430000000000000000e+03 3.731785576752942646e+00
5.431000000000000000e+03 3.737938584703389466e+00
5.432000000000000000e+03 3.746673559098934181e+00
5.433000000000000000e+03 3.753796835138341947e+00
5.434000000000000000e+03 3.760027245640352955e+00
5.435000000000000000e+03 3.769508429247920844e+00
5.436000000000000000e+03 3.778455820950596067e+00
5.437000000000000000e+03 3.789134641287704053e+00
5.438000000000000000e+03 3.795865327822237845e+00
5.439000000000000000e+03 3.803610414768305859e+00
5.440000000000000000e+03 3.810609549384324168e+00
5.441000000000000000e+03 3.819458070427481200e+00
5.442000000000000000e+03 3.828812439433655346e+00
5.443000000000000000e+03 3.836248600924455854e+00
5.444000000000000000e+03 3.841947576413654364e+00
5.445000000000000000e+03 3.850534478421967943e+00
5.446000000000000000e+03 3.861604790896277617e+00
5.447000000000000000e+03 3.870754647335216792e+00
5.448000000000000000e+03 3.878751934578121396e+00
5.449000000000000000e+03 3.885878156732630373e+00
5.450000000000000000e+03 3.896571593653872068e+00
5.451000000000000000e+03 3.904138265635430205e+00
5.452000000000000000e+03 3.913691875509142548e+00
5.453000000000000000e+03 3.924004203141338465e+00
5.454000000000000000e+03 3.931950427064991871e+00
5.455000000000000000e+03 3.937986276767873051e+00
5.456000000000000000e+03 3.946164136783844700e+00
5.457000000000000000e+03 3.952987956679629988e+00
5.458000000000000000e+03 3.962764313726715226e+00
5.459000000000000000e+03 3.970371841180205141e+00
5.460000000000000000e+03 3.979363638142544790e+00
5.461000000000000000e+03 3.989065706529201449e+00
5.462000000000000000e+03 3.998861275136671001e+00
5.463000000000000000e+03 4.006504358265936538e+00
5.464000000000000000e+03 4.014274825150717874e+00
5.465000000000000000e+03 4.022559308042429116e+00
5.466000000000000000e+03 4.032656434409145341e+00
5.467000000000000000e+03 4.040706606425018776e+00
5.468000000000000000e+03 4.052104192952113770e+00
5.469000000000000000e+03 4.059933929732350677e+00
5.470000000000000000e+03 4.069240676032173987e+00
5.471000000000000000e+03 4.076157356352116956e+00
5.472000000000000000e+03 4.086320618587712339e+00
5.473000000000000000e+03 4.093869652410950799e+00
5.474000000000000000e+03 4.102976434559931995e+00
5.475000000000000000e+03 4.114345528862693335e+00
5.476000000000000000e+03 4.121071151611380934e+00
5.477000000000000000e+03 4.131163132311118424e+00
5.478000000000000000e+03 4.139056993253304562e+00
5.479000000000000000e+03 4.146642412802187927e+00
5.480000000000000000e+03 4.153341868108372026e+00
5.481000000000000000e+03 4.163461738965327008e+00
5.482000000000000000e+03 4.173706181522971015e+00
5.483000000000000000e+03 4.185300213720662299e+00
5.484000000000000000e+03 4.193434109992852932e+00
5.485000000000000000e+03 4.203862963300765365e+00
5.486000000000000000e+03 4.211808573918713883e+00
5.487000000000000000e+03 4.219263934125804916e+00
5.488000000000000000e+03 4.226734016078091294e+00
5.489000000000000000e+03 4.233679903878107886e+00
5.490000000000000000e+03 4.242784067436499384e+00
5.491000000000000000e+03 4.249491288605758754e+00
5.492000000000000000e+03 4.259929870515563266e+00
5.493000000000000000e+03 4.265940497619937766e+00
5.494000000000000000e+03 4.274011284413963274e+00
5.495000000000000000e+03 4.284852386725070517e+00
5.496000000000000000e+03 4.291245970260415099e+00
5.497000000000000000e+03 4.300508940661395663e+00
5.498000000000000000e+03 4.309287356206460196e+00
5.499000000000000000e+03 4.316295555545026197e+00
5.500000000000000000e+03 4.324414300597477556e+00
5.501000000000000000e+03 4.332482563526142805e+00
5.502000000000000000e+03 4.339366934516212915e+00
5.503000000000000000e+03 4.347104831175371054e+00
5.504000000000000000e+03 4.357204035075024073e+00
5.505000000000000000e+03 4.365976446806782540e+00
5.506000000000000000e+03 4.374688740932583642e+00
5.507000000000000000e+03 4.382400215675535726e+00
5.508000000000000000e+03 4.391596615113795288e+00
5.509000000000000000e+03 4.402300238207933702e+00
5.510000000000000000e+03 4.410459408455023045e+00
5.511000000000000000e+03 4.423846036898169132e+00
5.512000000000000000e+03 4.433208965693257397e+00
5.513000000000000000e+03 4.445293580642855069e+00
5.514000000000000000e+03 4.451659622417154516e+00
5.515000000000000000e+03 4.458906985292533598e+00
5.516000000000000000e+03 4.467539915733465428e+00
5.517000000000000000e+03 4.475758908975004502e+00
5.518000000000000000e+03 4.484503431352299785e+00
5.519000000000000000e+03 4.495195699460582617e+00
5.520000000000000000e+03 4.502306599408289145e+00
5.521000000000000000e+03 4.512454004801484508e+00
5.522000000000000000e+03 4.518773947500622334e+00
5.523000000000000000e+03 4.527778496244541095e+00
5.524000000000000000e+03 4.535736252563169479e+00
5.525000000000000000e+03 4.545966412483237740e+00
5.526000000000000000e+03 4.554515009375935897e+00
5.527000000000000000e+03 4.564073690260300076e+00
5.528000000000000000e+03 4.572016222308376676e+00
5.529000000000000000e+03 4.582202875252925800e+00
5.530000000000000000e+03 4.588878714275680615e+00
5.531000000000000000e+03 4.599086307917379379e+00
5.532000000000000000e+03 4.608785495212182504e+00
5.533000000000000000e+03 4.616340826657487462e+00
5.534000000000000000e+03 4.624513063366564758e+00
5.535000000000000000e+03 4.633034182718708927e+00
5.536000000000000000e+03 4.642073348716450276e+00
5.537000000000000000e+03 4.649405479431154120e+00
5.538000000000000000e+03 4.656783478027239909e+00
5.539000000000000000e+03 4.666986522449787067e+00
5.540000000000000000e+03 4.677343759472520013e+00
5.541000000000000000e+03 4.686911758750377466e+00
5.542000000000000000e+03 4.696460422040641625e+00
5.543000000000000000e+03 4.706910094829521718e+00
5.544000000000000000e+03 4.717359052362666283e+00
5.545000000000000000e+03 4.728856900725701529e+00
5.546000000000000000e+03 4.738530932050760924e+00
5.547000000000000000e+03 4.745287737059671329e+00
5.548000000000000000e+03 4.751837119510274654e+00
5.549000000000000000e+03 4.760052397596310492e+00
5.550000000000000000e+03 4.769473938026816739e+00
5.551000000000000000e+03 4.777985435543640413e+00
5.552000000000000000e+03 4.788058396541710060e+00
5.553000000000000000e+03 4.797026941671918898e+00
5.554000000000000000e+03 4.806584139865658578e+00
5.555000000000000000e+03 4.812981119059553947e+00
5.556000000000000000e+03 4.821789627524737831e+00
5.557000000000000000e+03 4.827025641495931829e+00
5.558000000000000000e+03 4.834132534084898403e+00
5.559000000000000000e+03 4.842742780242300427e+00
5.560000000000000000e+03 4.850913834491563215e+00
5.561000000000000000e+03 4.858373772817025760e+00
5.562000000000000000e+03 4.866583674042311181e+00
5.563000000000000000e+03 4.876490181945388080e+00
5.564000000000000000e+03 4.882675375601260193e+00
5.565000000000000000e+03 4.890926259133951071e+00
5.566000000000000000e+03 4.898953701109196146e+00
5.567000000000000000e+03 4.906513344157822587e+00
5.568000000000000000e+03 4.916660922143597290e+00
5.569000000000000000e+03 4.920446132570004849e+00
5.570000000000000000e+03 4.928572091189298732e+00
5.571000000000000000e+03 4.939176053711867631e+00
5.572000000000000000e+03 4.947389597041839338e+00
5.573000000000000000e+03 4.958790507782189216e+00
5.574000000000000000e+03 4.965087829615532300e+00
5.575000000000000000e+03 4.973647820026383393e+00
5.576000000000000000e+03 4.984722826215954861e+00
5.577000000000000000e+03 4.994546022479378955e+00
5.578000000000000000e+03 5.002628694881092741e+00
5.579000000000000000e+03 5.009318282708572490e+00
5.580000000000000000e+03 5.020628231543083686e+00
5.581000000000000000e+03 5.026485463986896995e+00
5.582000000000000000e+03 5.034572303495827406e+00
5.583000000000000000e+03 5.042294706961122586e+00
5.584000000000000000e+03 5.051784026502359914e+00
5.585000000000000000e+03 5.058189501264680032e+00
5.586000000000000000e+03 5.067006639358572428e+00
5.587000000000000000e+03 5.076472218991933794e+00
5.588000000000000000e+03 5.084588151989560600e+00
5.589000000000000000e+03 5.091975967490716570e+00
5.590000000000000000e+03 5.099004580918384377e+00
5.591000000000000000e+03 5.108109226130477687e+00
5.592000000000000000e+03 5.118680866479067504e+00
5.593000000000000000e+03 5.127344418856430330e+00
5.594000000000000000e+03 5.137543690325035328e+00
5.595000000000000000e+03 5.146501597330625621e+00
5.596000000000000000e+03 5.154069210142401936e+00
5.597000000000000000e+03 5.160605515695182000e+00
5.598000000000000000e+03 5.171658665242819808e+00
5.599000000000000000e+03 5.179740212983156233e+00
5.600000000000000000e+03 5.187643019037215808e+00
5.601000000000000000e+03 5.198062124477092816e+00
5.602000000000000000e+03 5.204016392479840825e+00
5.603000000000000000e+03 5.215676827061458631e+00
5.604000000000000000e+03 5.220341028187811538e+00
5.605000000000000000e+03 5.228232347603996466e+00
5.606000000000000000e+03 5.237142623875681302e+00
5.607000000000000000e+03 5.247969264534589229e+00
5.608000000000000000e+03 5.256912481102475887e+00
5.609000000000000000e+03 5.268412701609960891e+00
5.610000000000000000e+03 5.276082367206662127e+00
5.611000000000000000e+03 5.287251885089811587e+00
5.612000000000000000e+03 5.292708164112334579e+00
5.613000000000000000e+03 5.302197494892157970e+00
5.614000000000000000e+03 5.307406298640601428e+00
5.615000000000000000e+03 5.316958939587629551e+00
5.616000000000000000e+03 5.324295927779842508e+00
5.617000000000000000e+03 5.333962803336508962e+00
5.618000000000000000e+03 5.343853809215402428e+00
5.619000000000000000e+03 5.349980581489075071e+00
5.620000000000000000e+03 5.357767842835449379e+00
5.621000000000000000e+03 5.367322131038112509e+00
5.622000000000000000e+03 5.376788592900491714e+00
5.623000000000000000e+03 5.382882328547210271e+00
5.624000000000000000e+03 5.392664741586759902e+00
5.625000000000000000e+03 5.400353480669786599e+00
5.626000000000000000e+03 5.409824562393860781e+00
5.627000000000000000e+03 5.417418849187267682e+00
5.628000000000000000e+03 5.424909071488815293e+00
5.629000000000000000e+03 5.435160283689147498e+00
5.630000000000000000e+03 5.443514696275344456e+00
5.631000000000000000e+03 5.452546028978495940e+00
5.632000000000000000e+03 5.461342144494108375e+00
5.633000000000000000e+03 5.470319690126362211e+00
5.634000000000000000e+03 5.478928465634485434e+00
5.635000000000000000e+03 5.490941384826043326e+00
5.636000000000000000e+03 5.501995117977407368e+00
5.637000000000000000e+03 5.515143269240252444e+00
5.638000000000000000e+03 5.524813767635458284e+00
5.639000000000000000e+03 5.536425954163676444e+00
5.640000000000000000e+03 5.543081041939732501e+00
5.641000000000000000e+03 5.550198399257983084e+00
5.642000000000000000e+03 5.559629217141401902e+00
5.643000000000000000e+03 5.568802074952558634e+00
5.644000000000000000e+03 5.578986595776746604e+00
5.645000000000000000e+03 5.586569606254399467e+00
5.646000000000000000e+03 5.595102787017824930e+00
5.647000000000000000e+03 5.603579675308377972e+00
5.648000000000000000e+03 5.611329080279831238e+00
5.649000000000000000e+03 5.619425915708443853e+00
5.650000000000000000e+03 5.627170846919823610e+00
5.651000000000000000e+03 5.638629121812509304e+00
5.652000000000000000e+03 5.649097716366800803e+00
5.653000000000000000e+03 5.656985930722168376e+00
5.654000000000000000e+03 5.664716770351937214e+00
5.655000000000000000e+03 5.674429300256849551e+00
5.656000000000000000e+03 5.682534907402014390e+00
5.657000000000000000e+03 5.692741008720012097e+00
5.658000000000000000e+03 5.701099626142972276e+00
5.659000000000000000e+03 5.709149300450024889e+00
5.660000000000000000e+03 5.718239508895359258e+00
5.661000000000000000e+03 5.730023206685125992e+00
5.662000000000000000e+03 5.738703930016718857e+00
5.663000000000000000e+03 5.744472158476958690e+00
5.664000000000000000e+03 5.752010575850001750e+00
5.665000000000000000e+03 5.762396651887730314e+00
5.666000000000000000e+03 5.772831133319070496e+00
5.667000000000000000e+03 5.783876163790925062e+00
5.668000000000000000e+03 5.791222919117320345e+00
5.669000000000000000e+03 5.803378439912896702e+00
5.670000000000000000e+03 5.816100021805429066e+00
5.671000000000000000e+03 5.823478625679661569e+00
5.672000000000000000e+03 5.833487912861985869e+00
5.673000000000000000e+03 5.841350998541320116e+00
5.674000000000000000e+03 5.848178570519391606e+00
5.675000000000000000e+03 5.855760662644001968e+00
5.676000000000000000e+03 5.863659599413374224e+00
5.677000000000000000e+03 5.874104259792804150e+00
5.678000000000000000e+03 5.883239015585645326e+00
5.679000000000000000e+03 5.889319671123511846e+00
5.680000000000000000e+03 5.900748528214017519e+00
5.681000000000000000e+03 5.906449023320617719e+00
5.682000000000000000e+03 5.913155805382262820e+00
5.683000000000000000e+03 5.921078905112010737e+00
5.684000000000000000e+03 5.929561076340850612e+00
5.685000000000000000e+03 5.934936931237629665e+00
5.686000000000000000e+03 5.943657667949945100e+00
5.687000000000000000e+03 5.953620099058057669e+00
5.688000000000000000e+03 5.962102035882096196e+00
5.689000000000000000e+03 5.968976156478778883e+00
5.690000000000000000e+03 5.977529604426938370e+00
5.691000000000000000e+03 5.985036154788754281e+00
5.692000000000000000e+03 5.992940108784122089e+00
5.693000000000000000e+03 6.000771637316105966e+00
5.694000000000000000e+03 6.011191657095243279e+00
5.695000000000000000e+03 6.014959419616544345e+00
5.696000000000000000e+03 6.022845235336510505e+00
5.697000000000000000e+03 6.033659508734039889e+00
5.698000000000000000e+03 6.044081087465637658e+00
5.699000000000000000e+03 6.054974978218976567e+00
5.700000000000000000e+03 6.062853358811401527e+00
5.701000000000000000e+03 6.071694910325585504e+00
5.702000000000000000e+03 6.081899191795373305e+00
5.703000000000000000e+03 6.090353993052988635e+00
5.704000000000000000e+03 6.100685297840770183e+00
5.705000000000000000e+03 6.109200345948091915e+00
5.706000000000000000e+03 6.115402931316133106e+00
5.707000000000000000e+03 6.123872025647146167e+00
5.708000000000000000e+03 6.130612528283990059e+00
5.709000000000000000e+03 6.138304414973911882e+00
5.710000000000000000e+03 6.146754065748015528e+00
5.711000000000000000e+03 6.154823020652488985e+00
5.712000000000000000e+03 6.165242127697875496e+00
5.713000000000000000e+03 6.173630524163290723e+00
5.714000000000000000e+03 6.181540300549076328e+00
5.715000000000000000e+03 6.189847266232525236e+00
5.716000000000000000e+03 6.195152680079142549e+00
5.717000000000000000e+03 6.207468503252019154e+00
5.718000000000000000e+03 6.214392015829627525e+00
5.719000000000000000e+03 6.224860817495020626e+00
5.720000000000000000e+03 6.234106471642902214e+00
5.721000000000000000e+03 6.242291368619363290e+00
5.722000000000000000e+03 6.248285650002834757e+00
5.723000000000000000e+03 6.255692172130751239e+00
5.724000000000000000e+03 6.264611630327376446e+00
5.725000000000000000e+03 6.272863700333664916e+00
5.726000000000000000e+03 6.284728445187961476e+00
5.727000000000000000e+03 6.291180257444030310e+00
5.728000000000000000e+03 6.300114144379843850e+00
5.729000000000000000e+03 6.307197622979930252e+00
5.730000000000000000e+03 6.313638231971050452e+00
5.731000000000000000e+03 6.320264170065470033e+00
5.732000000000000000e+03 6.330212760051895593e+00
5.733000000000000000e+03 6.341146309367733380e+00
5.734000000000000000e+03 6.350340293312715545e+00
5.735000000000000000e+03 6.360976857368391357e+00
5.736000000000000000e+03 6.370703171399302533e+00
5.737000000000000000e+03 6.379904388980026653e+00
5.738000000000000000e+03 6.385971380805325559e+00
5.739000000000000000e+03 6.396156441081657817e+00
5.740000000000000000e+03 6.399773697259045768e+00
5.741000000000000000e+03 6.410779953002932352e+00
5.742000000000000000e+03 6.417547301411228311e+00
5.743000000000000000e+03 6.430180275078972052e+00
5.744000000000000000e+03 6.436978200469351208e+00
5.745000000000000000e+03 6.441755833449184898e+00
5.746000000000000000e+03 6.451133642132441004e+00
5.747000000000000000e+03 6.459806638936004930e+00
5.748000000000000000e+03 6.468160958402492611e+00
5.749000000000000000e+03 6.474519219061342312e+00
5.750000000000000000e+03 6.483579760850081364e+00
5.751000000000000000e+03 6.492994670514704580e+00
5.752000000000000000e+03 6.501642547472553879e+00
5.753000000000000000e+03 6.507411178916391314e+00
5.754000000000000000e+03 6.514178743266096916e+00
5.755000000000000000e+03 6.525355821506742870e+00
5.756000000000000000e+03 6.535332350618511477e+00
5.757000000000000000e+03 6.545889858444933651e+00
5.758000000000000000e+03 6.551659838519110046e+00
5.759000000000000000e+03 6.562320430672129667e+00
5.760000000000000000e+03 6.572704132157146439e+00
5.761000000000000000e+03 6.579821700600263945e+00
5.762000000000000000e+03 6.593868054926196542e+00
5.763000000000000000e+03 6.603793796064077348e+00
5.764000000000000000e+03 6.617381579948196979e+00
5.765000000000000000e+03 6.624383526619031848e+00
5.766000000000000000e+03 6.631339794056182235e+00
5.767000000000000000e+03 6.636231665659431123e+00
5.768000000000000000e+03 6.649880103390628072e+00
5.769000000000000000e+03 6.658389467181581978e+00
5.770000000000000000e+03 6.668680176590426889e+00
5.771000000000000000e+03 6.676486300298265064e+00
5.772000000000000000e+03 6.685530619187789902e+00
5.773000000000000000e+03 6.692500718113548963e+00
5.774000000000000000e+03 6.700351646853616394e+00
5.775000000000000000e+03 6.708892435337152627e+00
5.776000000000000000e+03 6.720607145868168431e+00
5.777000000000000000e+03 6.727695970824272287e+00
5.778000000000000000e+03 6.737393637698908755e+00
5.779000000000000000e+03 6.745518099980723825e+00
5.780000000000000000e+03 6.753670223634245851e+00
5.781000000000000000e+03 6.760829106725828375e+00
5.782000000000000000e+03 6.772251174907494509e+00
5.783000000000000000e+03 6.783030200887611549e+00
5.784000000000000000e+03 6.787578085054851051e+00
5.785000000000000000e+03 6.799299061097683783e+00
5.786000000000000000e+03 6.808089269933474519e+00
5.787000000000000000e+03 6.818286265588370476e+00
5.788000000000000000e+03 6.825561399813055097e+00
5.789000000000000000e+03 6.832961882003636411e+00
5.790000000000000000e+03 6.840203890495431871e+00
5.791000000000000000e+03 6.850803384877210966e+00
5.792000000000000000e+03 6.860812440063013717e+00
5.793000000000000000e+03 6.870256102847734248e+00
5.794000000000000000e+03 6.879762858252735036e+00
5.795000000000000000e+03 6.889898444667012178e+00
5.796000000000000000e+03 6.902947290979247974e+00
5.797000000000000000e+03 6.912038636127302738e+00
5.798000000000000000e+03 6.919974511721317612e+00
5.799000000000000000e+03 6.927856446918013944e+00
5.800000000000000000e+03 6.938084957174178946e+00
5.801000000000000000e+03 6.944531273761587187e+00
5.802000000000000000e+03 6.953828235266583668e+00
5.803000000000000000e+03 6.961027530708700617e+00
5.804000000000000000e+03 6.973043650489057832e+00
5.805000000000000000e+03 6.981054744335138729e+00
5.806000000000000000e+03 6.989031438474302860e+00
5.807000000000000000e+03 6.996200415421820473e+00
5.808000000000000000e+03 7.000802982535828001e+00
5.809000000000000000e+03 7.012118769013119923e+00
5.810000000000000000e+03 7.022844223863748958e+00
5.811000000000000000e+03 7.027353095687202789e+00
5.812000000000000000e+03 7.035633042203857990e+00
5.813000000000000000e+03 7.045157068104856535e+00
5.814000000000000000e+03 7.055807818467370929e+00
5.815000000000000000e+03 7.061563472555140386e+00
5.816000000000000000e+03 7.069512413808392459e+00
5.817000000000000000e+03 7.075547337130667636e+00
5.818000000000000000e+03 7.084732686630403897e+00
5.819000000000000000e+03 7.096007215454920747e+00
5.820000000000000000e+03 7.100857585367528202e+00
5.821000000000000000e+03 7.107398551722568847e+00
5.822000000000000000e+03 7.115741723314278566e+00
5.823000000000000000e+03 7.125632533320676920e+00
5.824000000000000000e+03 7.136307491597903230e+00
5.825000000000000000e+03 7.144816636236424934e+00
5.826000000000000000e+03 7.151045165078009802e+00
5.827000000000000000e+03 7.163244570144496670e+00
5.828000000000000000e+03 7.173277390926373620e+00
5.829000000000000000e+03 7.181799291360260185e+00
5.830000000000000000e+03 7.192180967491480281e+00
5.831000000000000000e+03 7.200538511629454241e+00
5.832000000000000000e+03 7.204116095597496106e+00
5.833000000000000000e+03 7.213056270522301361e+00
5.834000000000000000e+03 7.222431081714046464e+00
5.835000000000000000e+03 7.232026904520357569e+00
5.836000000000000000e+03 7.237403458617753138e+00
5.837000000000000000e+03 7.248773688820473460e+00
5.838000000000000000e+03 7.258260521423138378e+00
5.839000000000000000e+03 7.267653124902388129e+00
5.840000000000000000e+03 7.276397043607048865e+00
5.841000000000000000e+03 7.281015482815829110e+00
5.842000000000000000e+03 7.288955547191483753e+00
5.843000000000000000e+03 7.300657153530955235e+00
5.844000000000000000e+03 7.307594825924446980e+00
5.845000000000000000e+03 7.317060610260624820e+00
5.846000000000000000e+03 7.325967043738573103e+00
5.847000000000000000e+03 7.333591576778533572e+00
5.848000000000000000e+03 7.339857660158711106e+00
5.849000000000000000e+03 7.349482517049771069e+00
5.850000000000000000e+03 7.357784301744967337e+00
5.851000000000000000e+03 7.366265359551014136e+00
5.852000000000000000e+03 7.376704220819956248e+00
5.853000000000000000e+03 7.382731342957876031e+00
5.854000000000000000e+03 7.393300708295516444e+00
5.855000000000000000e+03 7.399427702932648288e+00
5.856000000000000000e+03 7.407234082719690527e+00
5.857000000000000000e+03 7.412690832157330156e+00
5.858000000000000000e+03 7.425170906465062615e+00
5.859000000000000000e+03 7.433611060633801948e+00
5.860000000000000000e+03 7.446557844528045145e+00
5.861000000000000000e+03 7.455637684574825563e+00
5.862000000000000000e+03 7.465139812893333726e+00
5.863000000000000000e+03 7.470804490625656769e+00
5.864000000000000000e+03 7.478505951788288364e+00
5.865000000000000000e+03 7.486989321532070640e+00
5.866000000000000000e+03 7.493345554428869626e+00
5.867000000000000000e+03 7.501722685817115099e+00
5.868000000000000000e+03 7.508734971184522600e+00
5.869000000000000000e+03 7.522065605780092312e+00
5.870000000000000000e+03 7.527508470747208413e+00
5.871000000000000000e+03 7.533938215236467784e+00
5.872000000000000000e+03 7.543526069885146512e+00
5.873000000000000000e+03 7.551700391351979569e+00
5.874000000000000000e+03 7.559459959216384028e+00
5.875000000000000000e+03 7.566046793452819941e+00
5.876000000000000000e+03 7.575183958316894284e+00
5.877000000000000000e+03 7.583517201420431064e+00
5.878000000000000000e+03 7.594033634622491924e+00
5.879000000000000000e+03 7.599949115855925363e+00
5.880000000000000000e+03 7.606821707202132465e+00
5.881000000000000000e+03 7.621388881696192108e+00
5.882000000000000000e+03 7.630023339782096237e+00
5.883000000000000000e+03 7.638028221901016046e+00
5.884000000000000000e+03 7.646344693822894278e+00
5.885000000000000000e+03 7.655859746515550235e+00
5.886000000000000000e+03 7.667092276743368018e+00
5.887000000000000000e+03 7.673741626418401296e+00
5.888000000000000000e+03 7.689341395792336442e+00
5.889000000000000000e+03 7.696984368141254862e+00
5.890000000000000000e+03 7.711038907368975792e+00
5.891000000000000000e+03 7.716859730807210660e+00
5.892000000000000000e+03 7.722818976700906113e+00
5.893000000000000000e+03 7.733314666683821947e+00
5.894000000000000000e+03 7.744395634943384010e+00
5.895000000000000000e+03 7.750508017812916428e+00
5.896000000000000000e+03 7.760787422809532821e+00
5.897000000000000000e+03 7.768183297179767521e+00
5.898000000000000000e+03 7.776178294159348248e+00
5.899000000000000000e+03 7.786743762918590939e+00
5.900000000000000000e+03 7.793749765916305527e+00
5.901000000000000000e+03 7.803873293327563410e+00
5.902000000000000000e+03 7.813377168443466303e+00
5.903000000000000000e+03 7.823042320482657352e+00
5.904000000000000000e+03 7.831322223650484915e+00
5.905000000000000000e+03 7.837364326823839100e+00
5.906000000000000000e+03 7.847649447444311477e+00
5.907000000000000000e+03 7.856339587908398592e+00
5.908000000000000000e+03 7.866367648346252572e+00
5.909000000000000000e+03 7.875173231567997867e+00
5.910000000000000000e+03 7.881407702410663241e+00
5.911000000000000000e+03 7.890498188609623931e+00
5.912000000000000000e+03 7.901109973188201963e+00
5.913000000000000000e+03 7.910342627502849666e+00
5.914000000000000000e+03 7.916496530526416997e+00
5.915000000000000000e+03 7.923831446804984857e+00
5.916000000000000000e+03 7.931878443117496680e+00
5.917000000000000000e+03 7.944145254013114332e+00
5.918000000000000000e+03 7.952544504544552417e+00
5.919000000000000000e+03 7.962301390741008511e+00
5.920000000000000000e+03 7.972388691372345626e+00
5.921000000000000000e+03 7.984400795766394943e+00
5.922000000000000000e+03 7.991606933902004606e+00
5.923000000000000000e+03 8.002028434766257803e+00
5.924000000000000000e+03 8.013893560929732374e+00
5.925000000000000000e+03 8.020934975107104847e+00
5.926000000000000000e+03 8.028340880718294770e+00
5.927000000000000000e+03 8.036938981977776564e+00
5.928000000000000000e+03 8.048876211699413474e+00
5.929000000000000000e+03 8.058646956678193973e+00
5.930000000000000000e+03 8.066934502084647463e+00
5.931000000000000000e+03 8.076611383996828764e+00
5.932000000000000000e+03 8.083251500370526088e+00
5.933000000000000000e+03 8.089842478434249529e+00
5.934000000000000000e+03 8.097092326642689741e+00
5.935000000000000000e+03 8.107755999773841538e+00
5.936000000000000000e+03 8.113794978620227027e+00
5.937000000000000000e+03 8.119626369540538846e+00
5.938000000000000000e+03 8.128852892403648056e+00
5.939000000000000000e+03 8.136162478514387786e+00
5.940000000000000000e+03 8.145878880112261911e+00
5.941000000000000000e+03 8.153857679078074128e+00
5.942000000000000000e+03 8.161910943310669353e+00
5.943000000000000000e+03 8.168318817511151408e+00
5.944000000000000000e+03 8.176453752549813103e+00
5.945000000000000000e+03 8.185420770035042537e+00
5.946000000000000000e+03 8.188785034398035734e+00
5.947000000000000000e+03 8.196883023387254497e+00
5.948000000000000000e+03 8.205804962903160416e+00
5.949000000000000000e+03 8.214642450865673240e+00
5.950000000000000000e+03 8.224766069791131784e+00
5.951000000000000000e+03 8.232758017902821024e+00
5.952000000000000000e+03 8.241619548412280949e+00
5.953000000000000000e+03 8.250473407783887936e+00
5.954000000000000000e+03 8.260046003643518375e+00
5.955000000000000000e+03 8.268146783013134993e+00
5.956000000000000000e+03 8.275834359705248389e+00
5.957000000000000000e+03 8.283508260643436927e+00
5.958000000000000000e+03 8.289449320899116458e+00
5.959000000000000000e+03 8.297263892010009911e+00
5.960000000000000000e+03 8.305997516169695061e+00
5.961000000000000000e+03 8.316384023287481497e+00
5.962000000000000000e+03 8.323210515558519873e+00
5.963000000000000000e+03 8.333684062315560581e+00
5.964000000000000000e+03 8.342083351379288914e+00
5.965000000000000000e+03 8.350786406584465027e+00
5.966000000000000000e+03 8.360389051212607114e+00
5.967000000000000000e+03 8.362593943021114029e+00
5.968000000000000000e+03 8.374271513235685305e+00
5.969000000000000000e+03 8.383655199699530769e+00
5.970000000000000000e+03 8.391679306222927792e+00
5.971000000000000000e+03 8.403403996618509453e+00
5.972000000000000000e+03 8.410665483185743696e+00
5.973000000000000000e+03 8.419546430761160494e+00
5.974000000000000000e+03 8.424711723520298179e+00
5.975000000000000000e+03 8.435452563995459840e+00
5.976000000000000000e+03 8.443527851040519394e+00
5.977000000000000000e+03 8.452437688204573973e+00
5.978000000000000000e+03 8.461721161800610957e+00
5.979000000000000000e+03 8.467993883974216374e+00
5.980000000000000000e+03 8.479648031369602990e+00
5.981000000000000000e+03 8.482587722816850473e+00
5.982000000000000000e+03 8.491384055076627746e+00
5.983000000000000000e+03 8.498771073440911650e+00
5.984000000000000000e+03 8.510514389384875145e+00
5.985000000000000000e+03 8.517832706271601495e+00
5.986000000000000000e+03 8.530326197845768732e+00
5.987000000000000000e+03 8.541007326106832664e+00
5.988000000000000000e+03 8.548830191294355174e+00
5.989000000000000000e+03 8.553927619047840381e+00
5.990000000000000000e+03 8.566152524466467355e+00
5.991000000000000000e+03 8.569936745897285491e+00
5.992000000000000000e+03 8.580904339299058492e+00
5.993000000000000000e+03 8.587634585923222375e+00
5.994000000000000000e+03 8.597875143943811693e+00
5.995000000000000000e+03 8.606498313672616973e+00
5.996000000000000000e+03 8.613026451984236331e+00
5.997000000000000000e+03 8.620457631570323187e+00
5.998000000000000000e+03 8.629967191805336668e+00
5.999000000000000000e+03 8.638118952613092816e+00
